=== Page 1 ===

date: SNB: 507,25 Maj. Res: 1,25

Echelon ECH 1 * ECH 2 * ECH 3 * ECH 4 ECH 5 ECH 6 ECH 7 ECH 8 ECH 9 ECH 10 ECH 11 ECH 12
NR Coeff 1,00 1,06 1,07 1,09 1,12 1,15 1,18 1,22 1,26 1,30 1,315 1,33
30 226,0 1 432,98 1 518,96 1 533,29 1 561,95 1 604,94 1 647,93 1 690,92 1 748,24 1 805,56 1 862,88 1 884,37 1 905,87
35 230,4 1 460,88 1 548,53 1 563,14 1 592,36 1 636,19 1 680,01 1 723,84 1 782,27 1 840,71 1 899,14 1 921,06 1 942,97
40 234,9 1 489,41 1 578,78 1 593,67 1 623,46 1 668,14 1 712,82 1 757,51 1 817,08 1 876,66 1 936,24 1 958,58 1 980,92
45 239,6 1 519,21 1 610,37 1 625,56 1 655,94 1 701,52 1 747,10 1 792,67 1 853,44 1 914,21 1 974,98 1 997,77 2 020,55
50 244,3 1 549,01 1 641,96 1 657,45 1 688,43 1 734,90 1 781,37 1 827,84 1 889,80 1 951,76 2 013,72 2 036,95 2 060,19
55 249,0 1 578,82 1 673,54 1 689,33 1 720,91 1 768,27 1 815,64 1 863,00 1 926,16 1 989,31 2 052,46 2 076,14 2 099,82
60 253,8 1 609,25 1 705,81 1 721,90 1 754,08 1 802,36 1 850,64 1 898,92 1 963,29 2 027,66 2 092,03 2 116,16 2 140,30
65 259,0 1 642,22 1 740,76 1 757,18 1 790,02 1 839,29 1 888,56 1 937,82 2 003,51 2 069,20 2 134,89 2 159,52 2 184,16
70 264,4 1 676,46 1 777,05 1 793,81 1 827,34 1 877,64 1 927,93 1 978,22 2 045,28 2 112,34 2 179,40 2 204,55 2 229,69
75 269,4 1 708,16 1 810,65 1 827,74 1 861,90 1 913,14 1 964,39 2 015,63 2 083,96 2 152,29 2 220,61 2 246,24 2 271,86
80 274,2 1 738,60 1 842,92 1 860,30 1 895,07 1 947,23 1 999,39 2 051,55 2 121,09 2 190,64 2 260,18 2 286,26 2 312,34
85 280,5 1 778,55 1 885,26 1 903,04 1 938,61 1 991,97 2 045,33 2 098,68 2 169,83 2 240,97 2 312,11 2 338,79 2 365,47
90 286,9 1 819,13 1 928,27 1 946,46 1 982,85 2 037,42 2 091,99 2 146,57 2 219,33 2 292,10 2 364,86 2 392,15 2 419,44
95 293,2 1 859,07 1 970,62 1 989,21 2 026,39 2 082,16 2 137,93 2 193,70 2 268,07 2 342,43 2 416,79 2 444,68 2 472,56
100 299,8 1 900,92 2 014,97 2 033,98 2 072,00 2 129,03 2 186,06 2 243,08 2 319,12 2 395,16 2 471,20 2 499,71 2 528,22
105 306,7 1 944,67 2 061,35 2 080,80 2 119,69 2 178,03 2 236,37 2 294,71 2 372,50 2 450,28 2 528,07 2 557,24 2 586,41
110 313,9 1 990,32 2 109,74 2 129,64 2 169,45 2 229,16 2 288,87 2 348,58 2 428,19 2 507,81 2 587,42 2 617,27 2 647,13
115 321,7 2 039,78 2 162,17 2 182,56 2 223,36 2 284,55 2 345,75 2 406,94 2 488,53 2 570,12 2 651,71 2 682,31 2 712,91
120 330,6 2 096,21 2 221,98 2 242,95 2 284,87 2 347,76 2 410,64 2 473,53 2 557,38 2 641,23 2 725,07 2 756,52 2 787,96
125 338,9 2 148,84 2 277,77 2 299,26 2 342,23 2 406,70 2 471,16 2 535,63 2 621,58 2 707,54 2 793,49 2 825,72 2 857,95
130 347,1 2 200,83 2 332,88 2 354,89 2 398,91 2 464,93 2 530,96 2 596,98 2 685,01 2 773,05 2 861,08 2 894,09 2 927,11
135 355,7 2 255,36 2 390,68 2 413,24 2 458,34 2 526,00 2 593,66 2 661,33 2 751,54 2 841,75 2 931,97 2 965,80 2 999,63
140 364,5 2 311,16 2 449,83 2 472,94 2 519,16 2 588,50 2 657,83 2 727,17 2 819,61 2 912,06 3 004,51 3 039,17 3 073,84
145 373,6 2 368,86 2 510,99 2 534,68 2 582,05 2 653,12 2 724,19 2 795,25 2 890,01 2 984,76 3 079,51 3 115,05 3 150,58
150 382,8 2 427,19 2 572,82 2 597,09 2 645,64 2 718,45 2 791,27 2 864,09 2 961,17 3 058,26 3 155,35 3 191,76 3 228,16
155 392,1 2 486,16 2 635,33 2 660,19 2 709,91 2 784,50 2 859,08 2 933,67 3 033,11 3 132,56 3 232,01 3 269,30 3 306,59
160 403,0 2 555,27 2 708,59 2 734,14 2 785,25 2 861,90 2 938,56 3 015,22 3 117,43 3 219,64 3 321,85 3 360,18 3 398,51
165 412,7 2 616,78 2 773,78 2 799,95 2 852,29 2 930,79 3 009,29 3 087,80 3 192,47 3 297,14 3 401,81 3 441,06 3 480,31
170 422,8 2 680,82 2 841,67 2 868,47 2 922,09 3 002,51 3 082,94 3 163,36 3 270,60 3 377,83 3 485,06 3 525,27 3 565,49
175 433,3 2 747,39 2 912,24 2 939,71 2 994,66 3 077,08 3 159,50 3 241,92 3 351,82 3 461,71 3 571,61 3 612,82 3 654,03
180 444,0 2 815,24 2 984,15 3 012,30 3 068,61 3 153,07 3 237,52 3 321,98 3 434,59 3 547,20 3 659,81 3 702,04 3 744,27
185 454,9 2 884,35 3 057,41 3 086,25 3 143,94 3 230,47 3 317,00 3 403,53 3 518,91 3 634,28 3 749,66 3 792,92 3 836,19
190 466,1 2 955,37 3 132,69 3 162,24 3 221,35 3 310,01 3 398,67 3 487,33 3 605,55 3 723,76 3 841,97 3 886,31 3 930,64
195 477,6 3 028,28 3 209,98 3 240,26 3 300,83 3 391,68 3 482,52 3 573,37 3 694,50 3 815,64 3 936,77 3 982,19 4 027,62
200 489,3 3 102,47 3 288,62 3 319,64 3 381,69 3 474,76 3 567,84 3 660,91 3 785,01 3 909,11 4 033,21 4 079,75 4 126,28
205 501,5 3 179,82 3 370,61 3 402,41 3 466,01 3 561,40 3 656,80 3 752,19 3 879,38 4 006,58 4 133,77 4 181,47 4 229,17
210 513,9 3 258,45 3 453,95 3 486,54 3 551,71 3 649,46 3 747,21 3 844,97 3 975,31 4 105,64 4 235,98 4 284,86 4 333,73
215 526,5 3 338,34 3 538,64 3 572,02 3 638,79 3 738,94 3 839,09 3 939,24 4 072,77 4 206,31 4 339,84 4 389,92 4 439,991er janvier 2021


=== Page 2 ===

Echelon ECH 1 * ECH 2 * ECH 3 * ECH 4 ECH 5 ECH 6 ECH 7 ECH 8 ECH 9 ECH 10 ECH 11 ECH 12
220 539,4 3 420,13 3 625,34 3 659,54 3 727,95 3 830,55 3 933,15 4 035,76 4 172,56 4 309,37 4 446,17 4 497,48 4 548,78
225 552,9 3 505,73 3 716,08 3 751,13 3 821,25 3 926,42 4 031,59 4 136,76 4 276,99 4 417,22 4 557,45 4 610,04 4 662,62
230 566,5 3 591,96 3 807,48 3 843,40 3 915,24 4 023,00 4 130,76 4 238,52 4 382,20 4 525,87 4 669,55 4 723,43 4 777,31
235 580,6 3 681,37 3 902,25 3 939,06 4 012,69 4 123,13 4 233,57 4 344,01 4 491,27 4 638,52 4 785,78 4 841,00 4 896,22
240 598,5 3 794,86 4 022,56 4 060,50 4 136,40 4 250,25 4 364,09 4 477,94 4 629,73 4 781,53 4 933,32 4 990,25 5 047,17
245 613,2 3 888,07 4 121,36 4 160,24 4 238,00 4 354,64 4 471,28 4 587,92 4 743,45 4 898,97 5 054,49 5 112,81 5 171,13
250 628,3 3 983,81 4 222,84 4 262,68 4 342,36 4 461,87 4 581,39 4 700,90 4 860,25 5 019,61 5 178,96 5 238,72 5 298,47
255 643,9 4 082,73 4 327,69 4 368,52 4 450,17 4 572,66 4 695,14 4 817,62 4 980,93 5 144,24 5 307,55 5 368,79 5 430,03
260 659,8 4 183,54 4 434,56 4 476,39 4 560,06 4 685,57 4 811,08 4 936,58 5 103,92 5 271,27 5 438,61 5 501,36 5 564,11
265 676,2 4 287,53 4 544,78 4 587,66 4 673,41 4 802,03 4 930,66 5 059,29 5 230,79 5 402,29 5 573,79 5 638,10 5 702,42
270 692,9 4 393,42 4 657,02 4 700,96 4 788,83 4 920,63 5 052,43 5 184,23 5 359,97 5 535,71 5 711,44 5 777,35 5 843,25
275 709,9 4 501,21 4 771,28 4 816,29 4 906,32 5 041,35 5 176,39 5 311,43 5 491,48 5 671,52 5 851,57 5 919,09 5 986,61
280 727,5 4 612,80 4 889,57 4 935,70 5 027,96 5 166,34 5 304,73 5 443,11 5 627,62 5 812,13 5 996,65 6 065,84 6 135,03
285 744,0 4 717,43 5 000,47 5 047,64 5 141,99 5 283,52 5 425,04 5 566,56 5 755,26 5 943,96 6 132,65 6 203,41 6 274,18
290 760,7 4 823,31 5 112,71 5 160,95 5 257,41 5 402,11 5 546,81 5 691,51 5 884,44 6 077,37 6 270,31 6 342,66 6 415,01
295 777,6 4 930,47 5 226,30 5 275,60 5 374,21 5 522,13 5 670,04 5 817,95 6 015,17 6 212,39 6 409,61 6 483,57 6 557,53
300 794,9 5 040,16 5 342,57 5 392,97 5 493,78 5 644,98 5 796,19 5 947,39 6 149,00 6 350,61 6 552,21 6 627,81 6 703,42
305 812,6 5 152,39 5 461,54 5 513,06 5 616,11 5 770,68 5 925,25 6 079,82 6 285,92 6 492,01 6 698,11 6 775,40 6 852,68
310 830,7 5 267,16 5 583,19 5 635,86 5 741,20 5 899,22 6 057,23 6 215,25 6 425,93 6 636,62 6 847,30 6 926,31 7 005,32
315 849,3 5 385,09 5 708,20 5 762,05 5 869,75 6 031,30 6 192,86 6 354,41 6 569,81 6 785,22 7 000,62 7 081,40 7 162,17
320 868,5 5 506,83 5 837,24 5 892,31 6 002,45 6 167,65 6 332,86 6 498,06 6 718,34 6 938,61 7 158,88 7 241,49 7 324,09
325 887,4 5 626,67 5 964,27 6 020,54 6 133,07 6 301,87 6 470,67 6 639,47 6 864,54 7 089,60 7 314,67 7 399,07 7 483,47
330 906,7 5 749,04 6 093,99 6 151,48 6 266,46 6 438,93 6 611,40 6 783,87 7 013,83 7 243,80 7 473,76 7 559,99 7 646,23
340 929,0 5 890,44 6 243,87 6 302,77 6 420,58 6 597,29 6 774,01 6 950,72 7 186,34 7 421,96 7 657,57 7 745,93 7 834,29
350 949,6 6 021,06 6 382,32 6 442,53 6 562,95 6 743,58 6 924,22 7 104,85 7 345,69 7 586,53 7 827,37 7 917,69 8 008,01
355 971,4 6 159,28 6 528,84 6 590,43 6 713,62 6 898,40 7 083,18 7 267,95 7 514,33 7 760,70 8 007,07 8 099,46 8 191,85
360 993,8 6 301,31 6 679,39 6 742,41 6 868,43 7 057,47 7 246,51 7 435,55 7 687,60 7 939,65 8 191,71 8 286,23 8 380,75
365 1016,7 6 446,51 6 833,30 6 897,77 7 026,70 7 220,10 7 413,49 7 606,89 7 864,75 8 122,61 8 380,47 8 477,17 8 573,86
370 1040,0 6 594,25 6 989,91 7 055,85 7 187,73 7 385,56 7 583,39 7 781,22 8 044,99 8 308,76 8 572,53 8 671,44 8 770,35
CA 842,9 5 344,51 5 665,18 5 718,63 5 825,52 5 985,85 6 146,19 6 306,53 6 520,31 6 734,09 6 947,87 7 028,03 7 108,20
CB 862,1 5 466,25 5 794,23 5 848,89 5 958,22 6 122,20 6 286,19 6 450,18 6 668,83 6 887,48 7 106,13 7 188,12 7 270,12
DA 881,8 5 591,16 5 926,63 5 982,54 6 094,37 6 262,10 6 429,84 6 597,57 6 821,22 7 044,87 7 268,51 7 352,38 7 436,25
DB 901,4 5 715,44 6 058,37 6 115,52 6 229,83 6 401,29 6 572,76 6 744,22 6 972,84 7 201,45 7 430,07 7 515,80 7 601,53
EA 921,6 5 843,52 6 194,13 6 252,57 6 369,44 6 544,74 6 720,05 6 895,35 7 129,09 7 362,84 7 596,58 7 684,23 7 771,88
FA 951,5 6 033,10 6 395,09 6 455,42 6 576,08 6 757,08 6 938,07 7 119,06 7 360,39 7 601,71 7 843,04 7 933,53 8 024,03
GA 980,5 6 216,98 6 590,00 6 652,17 6 776,51 6 963,02 7 149,53 7 336,04 7 584,72 7 833,40 8 082,08 8 175,33 8 268,59
HA 1010,6 6 407,84 6 792,31 6 856,38 6 984,54 7 176,78 7 369,01 7 561,25 7 817,56 8 073,87 8 330,19 8 426,30 8 522,42
HB 1033,8 6 554,94 6 948,23 7 013,78 7 144,88 7 341,53 7 538,18 7 734,83 7 997,02 8 259,22 8 521,42 8 619,74 8 718,07
IA 1057,6 6 705,85 7 108,20 7 175,25 7 309,37 7 510,55 7 711,72 7 912,90 8 181,13 8 449,36 8 717,60 8 818,19 8 918,77
IB 1081,9 6 859,92 7 271,52 7 340,12 7 477,32 7 683,11 7 888,91 8 094,71 8 369,11 8 643,50 8 917,90 9 020,80 9 123,70
JA 1106,9 7 018,44 7 439,54 7 509,73 7 650,10 7 860,65 8 071,20 8 281,76 8 562,49 8 843,23 9 123,97 9 229,25 9 334,52
JB 1132,3 7 179,49 7 610,26 7 682,05 7 825,64 8 041,03 8 256,41 8 471,80 8 758,98 9 046,16 9 333,34 9 441,03 9 548,72
KA 1158,4 7 344,98 7 785,68 7 859,13 8 006,03 8 226,38 8 446,73 8 667,08 8 960,88 9 254,67 9 548,47 9 658,65 9 768,82
KB 1185,0 7 513,64 7 964,46 8 039,60 8 189,87 8 415,28 8 640,69 8 866,10 9 166,64 9 467,19 9 767,73 9 880,44 9 993,14
*Les agents relevant des échelons 1, 2 et 3 sont rémunérés l'échelon 4

=== Page 3 ===

date: SNB: 507,25 Maj. Res: 1,245
Echelon ECH 1 * ECH 2 * ECH 3 * ECH 4 ECH 5 ECH 6 ECH 7 ECH 8 ECH 9 ECH 10 ECH 11 ECH 12
NR Coeff 1,00 1,06 1,07 1,09 1,12 1,15 1,18 1,22 1,26 1,30 1,315 1,33
30 226,0 1 427,25 1 512,88 1 527,16 1 555,70 1 598,52 1 641,34 1 684,15 1 741,24 1 798,33 1 855,42 1 876,83 1 898,24
35 230,4 1 455,04 1 542,34 1 556,89 1 585,99 1 629,64 1 673,29 1 716,94 1 775,14 1 833,35 1 891,55 1 913,37 1 935,20
40 234,9 1 483,46 1 572,46 1 587,30 1 616,97 1 661,47 1 705,97 1 750,48 1 809,82 1 869,15 1 928,49 1 950,74 1 973,00
45 239,6 1 513,14 1 603,93 1 619,06 1 649,32 1 694,71 1 740,11 1 785,50 1 846,03 1 906,55 1 967,08 1 989,78 2 012,47
50 244,3 1 542,82 1 635,39 1 650,82 1 681,67 1 727,96 1 774,24 1 820,53 1 882,24 1 943,95 2 005,66 2 028,81 2 051,95
55 249,0 1 572,50 1 666,85 1 682,58 1 714,03 1 761,20 1 808,38 1 855,55 1 918,45 1 981,35 2 044,25 2 067,84 2 091,43
60 253,8 1 602,81 1 698,98 1 715,01 1 747,07 1 795,15 1 843,24 1 891,32 1 955,43 2 019,55 2 083,66 2 107,70 2 131,74
65 259,0 1 635,65 1 733,79 1 750,15 1 782,86 1 831,93 1 881,00 1 930,07 1 995,50 2 060,92 2 126,35 2 150,88 2 175,42
70 264,4 1 669,76 1 769,94 1 786,64 1 820,03 1 870,13 1 920,22 1 970,31 2 037,10 2 103,89 2 170,68 2 195,73 2 220,77
75 269,4 1 701,33 1 803,41 1 820,42 1 854,45 1 905,49 1 956,53 2 007,57 2 075,62 2 143,68 2 211,73 2 237,25 2 262,77
80 274,2 1 731,64 1 835,54 1 852,86 1 887,49 1 939,44 1 991,39 2 043,34 2 112,61 2 181,87 2 251,14 2 277,11 2 303,09
85 280,5 1 771,43 1 877,72 1 895,43 1 930,86 1 984,00 2 037,15 2 090,29 2 161,15 2 232,00 2 302,86 2 329,43 2 356,00
90 286,9 1 811,85 1 920,56 1 938,68 1 974,92 2 029,27 2 083,63 2 137,98 2 210,46 2 282,93 2 355,40 2 382,58 2 409,76
95 293,2 1 851,63 1 962,73 1 981,25 2 018,28 2 073,83 2 129,38 2 184,93 2 258,99 2 333,06 2 407,13 2 434,90 2 462,67
100 299,8 1 893,32 2 006,91 2 025,85 2 063,71 2 120,51 2 177,31 2 234,11 2 309,85 2 385,58 2 461,31 2 489,71 2 518,11
105 306,7 1 936,89 2 053,10 2 072,47 2 111,21 2 169,32 2 227,42 2 285,53 2 363,01 2 440,48 2 517,96 2 547,01 2 576,07
110 313,9 1 982,36 2 101,30 2 121,13 2 160,77 2 220,24 2 279,72 2 339,19 2 418,48 2 497,77 2 577,07 2 606,80 2 636,54
115 321,7 2 031,62 2 153,52 2 173,83 2 214,47 2 275,41 2 336,36 2 397,31 2 478,58 2 559,84 2 641,11 2 671,58 2 702,05
120 330,6 2 087,83 2 213,10 2 233,97 2 275,73 2 338,36 2 401,00 2 463,63 2 547,15 2 630,66 2 714,17 2 745,49 2 776,81
125 338,9 2 140,24 2 268,66 2 290,06 2 332,86 2 397,07 2 461,28 2 525,49 2 611,10 2 696,71 2 782,32 2 814,42 2 846,52
130 347,1 2 192,03 2 323,55 2 345,47 2 389,31 2 455,07 2 520,83 2 586,59 2 674,27 2 761,95 2 849,64 2 882,52 2 915,40
135 355,7 2 246,34 2 381,12 2 403,58 2 448,51 2 515,90 2 583,29 2 650,68 2 740,53 2 830,39 2 920,24 2 953,94 2 987,63
140 364,5 2 301,91 2 440,03 2 463,05 2 509,09 2 578,14 2 647,20 2 716,26 2 808,33 2 900,41 2 992,49 3 027,02 3 061,54
145 373,6 2 359,38 2 500,94 2 524,54 2 571,73 2 642,51 2 713,29 2 784,07 2 878,45 2 972,82 3 067,20 3 102,59 3 137,98
150 382,8 2 417,48 2 562,53 2 586,71 2 635,06 2 707,58 2 780,10 2 852,63 2 949,33 3 046,03 3 142,73 3 178,99 3 215,25
155 392,1 2 476,21 2 624,79 2 649,55 2 699,07 2 773,36 2 847,65 2 921,93 3 020,98 3 120,03 3 219,08 3 256,22 3 293,37
160 403,0 2 545,05 2 697,75 2 723,20 2 774,11 2 850,46 2 926,81 3 003,16 3 104,96 3 206,76 3 308,57 3 346,74 3 384,92
165 412,7 2 606,31 2 762,69 2 788,75 2 840,88 2 919,07 2 997,26 3 075,44 3 179,70 3 283,95 3 388,20 3 427,30 3 466,39
170 422,8 2 670,09 2 830,30 2 857,00 2 910,40 2 990,50 3 070,61 3 150,71 3 257,51 3 364,32 3 471,12 3 511,17 3 551,22
175 433,3 2 736,40 2 900,59 2 927,95 2 982,68 3 064,77 3 146,86 3 228,96 3 338,41 3 447,87 3 557,32 3 598,37 3 639,42
180 444,0 2 803,98 2 972,22 3 000,25 3 056,33 3 140,45 3 224,57 3 308,69 3 420,85 3 533,01 3 645,17 3 687,23 3 729,29
185 454,9 2 872,81 3 045,18 3 073,91 3 131,37 3 217,55 3 303,73 3 389,92 3 504,83 3 619,74 3 734,66 3 777,75 3 820,84
190 466,1 2 943,54 3 120,16 3 149,59 3 208,46 3 296,77 3 385,08 3 473,38 3 591,12 3 708,87 3 826,61 3 870,76 3 914,91
195 477,6 3 016,17 3 197,14 3 227,30 3 287,62 3 378,11 3 468,59 3 559,08 3 679,73 3 800,37 3 921,02 3 966,26 4 011,51
200 489,3 3 090,06 3 275,46 3 306,36 3 368,16 3 460,86 3 553,57 3 646,27 3 769,87 3 893,47 4 017,08 4 063,43 4 109,78
205 501,5 3 167,10 3 357,13 3 388,80 3 452,14 3 547,16 3 642,17 3 737,18 3 863,87 3 990,55 4 117,24 4 164,74 4 212,25
210 513,9 3 245,41 3 440,14 3 472,59 3 537,50 3 634,86 3 732,23 3 829,59 3 959,40 4 089,22 4 219,04 4 267,72 4 316,40
215 526,5 3 324,99 3 524,48 3 557,73 3 624,23 3 723,98 3 823,73 3 923,48 4 056,48 4 189,48 4 322,48 4 372,36 4 422,231er janvier 2021


=== Page 4 ===

Echelon ECH 1 * ECH 2 * ECH 3 * ECH 4 ECH 5 ECH 6 ECH 7 ECH 8 ECH 9 ECH 10 ECH 11 ECH 12
220 539,4 3 406,45 3 610,84 3 644,90 3 713,03 3 815,23 3 917,42 4 019,61 4 155,87 4 292,13 4 428,39 4 479,49 4 530,58
225 552,9 3 491,71 3 701,21 3 736,13 3 805,96 3 910,71 4 015,46 4 120,22 4 259,88 4 399,55 4 539,22 4 591,60 4 643,97
230 566,5 3 577,60 3 792,25 3 828,03 3 899,58 4 006,91 4 114,24 4 221,56 4 364,67 4 507,77 4 650,88 4 704,54 4 758,20
235 580,6 3 666,64 3 886,64 3 923,31 3 996,64 4 106,64 4 216,64 4 326,64 4 473,30 4 619,97 4 766,63 4 821,63 4 876,63
240 598,5 3 779,68 4 006,47 4 044,26 4 119,86 4 233,25 4 346,64 4 460,03 4 611,22 4 762,40 4 913,59 4 970,29 5 026,98
245 613,2 3 872,52 4 104,87 4 143,60 4 221,05 4 337,22 4 453,40 4 569,57 4 724,47 4 879,37 5 034,27 5 092,36 5 150,45
250 628,3 3 967,88 4 205,95 4 245,63 4 324,99 4 444,02 4 563,06 4 682,10 4 840,81 4 999,53 5 158,24 5 217,76 5 277,28
255 643,9 4 066,40 4 310,38 4 351,05 4 432,37 4 554,37 4 676,36 4 798,35 4 961,00 5 123,66 5 286,32 5 347,31 5 408,31
260 659,8 4 166,81 4 416,82 4 458,49 4 541,82 4 666,83 4 791,83 4 916,84 5 083,51 5 250,18 5 416,85 5 479,36 5 541,86
265 676,2 4 270,38 4 526,60 4 569,31 4 654,71 4 782,83 4 910,94 5 039,05 5 209,86 5 380,68 5 551,49 5 615,55 5 679,61
270 692,9 4 375,85 4 638,40 4 682,15 4 769,67 4 900,95 5 032,22 5 163,50 5 338,53 5 513,57 5 688,60 5 754,24 5 819,87
275 709,9 4 483,20 4 752,20 4 797,03 4 886,69 5 021,19 5 155,69 5 290,18 5 469,51 5 648,84 5 828,17 5 895,41 5 962,66
280 727,5 4 594,35 4 870,01 4 915,96 5 007,85 5 145,68 5 283,51 5 421,34 5 605,11 5 788,89 5 972,66 6 041,57 6 110,49
285 744,0 4 698,56 4 980,47 5 027,45 5 121,43 5 262,38 5 403,34 5 544,30 5 732,24 5 920,18 6 108,12 6 178,60 6 249,08
290 760,7 4 804,02 5 092,26 5 140,30 5 236,38 5 380,50 5 524,62 5 668,74 5 860,90 6 053,07 6 245,23 6 317,29 6 389,35
295 777,6 4 910,75 5 205,39 5 254,50 5 352,72 5 500,04 5 647,36 5 794,68 5 991,11 6 187,54 6 383,97 6 457,63 6 531,29
300 794,9 5 020,00 5 321,20 5 371,40 5 471,80 5 622,40 5 773,00 5 923,60 6 124,40 6 325,20 6 526,00 6 601,30 6 676,60
305 812,6 5 131,78 5 439,69 5 491,01 5 593,64 5 747,60 5 901,55 6 055,50 6 260,77 6 466,05 6 671,32 6 748,29 6 825,27
310 830,7 5 246,09 5 560,85 5 613,31 5 718,24 5 875,62 6 033,00 6 190,38 6 400,23 6 610,07 6 819,92 6 898,61 6 977,30
315 849,3 5 363,55 5 685,37 5 739,00 5 846,27 6 007,18 6 168,09 6 328,99 6 543,53 6 758,08 6 972,62 7 053,07 7 133,52
320 868,5 5 484,81 5 813,89 5 868,74 5 978,44 6 142,98 6 307,53 6 472,07 6 691,46 6 910,85 7 130,25 7 212,52 7 294,79
325 887,4 5 604,16 5 940,41 5 996,46 6 108,54 6 276,66 6 444,79 6 612,91 6 837,08 7 061,25 7 285,41 7 369,48 7 453,54
330 906,7 5 726,05 6 069,61 6 126,87 6 241,39 6 413,17 6 584,96 6 756,74 6 985,78 7 214,82 7 443,86 7 529,75 7 615,64
340 929,0 5 866,88 6 218,89 6 277,56 6 394,90 6 570,90 6 746,91 6 922,92 7 157,59 7 392,27 7 626,94 7 714,95 7 802,95
350 949,6 5 996,97 6 356,79 6 416,76 6 536,70 6 716,61 6 896,52 7 076,43 7 316,31 7 556,19 7 796,07 7 886,02 7 975,97
355 971,4 6 134,65 6 502,72 6 564,07 6 686,76 6 870,80 7 054,84 7 238,88 7 484,27 7 729,65 7 975,04 8 067,06 8 159,08
360 993,8 6 276,11 6 652,67 6 715,44 6 840,96 7 029,24 7 217,52 7 405,81 7 656,85 7 907,90 8 158,94 8 253,08 8 347,22
365 1016,7 6 420,73 6 805,97 6 870,18 6 998,59 7 191,21 7 383,84 7 576,46 7 833,29 8 090,12 8 346,95 8 443,26 8 539,57
370 1040,0 6 567,87 6 961,95 7 027,62 7 158,98 7 356,02 7 553,05 7 750,09 8 012,81 8 275,52 8 538,23 8 636,75 8 735,27
CA 842,9 5 323,13 5 642,52 5 695,75 5 802,22 5 961,91 6 121,60 6 281,30 6 494,22 6 707,15 6 920,08 6 999,92 7 079,77
CB 862,1 5 444,39 5 771,05 5 825,49 5 934,38 6 097,71 6 261,05 6 424,38 6 642,15 6 859,93 7 077,70 7 159,37 7 241,04
DA 881,8 5 568,80 5 902,93 5 958,61 6 069,99 6 237,05 6 404,12 6 571,18 6 793,93 7 016,69 7 239,44 7 322,97 7 406,50
DB 901,4 5 692,58 6 034,13 6 091,06 6 204,91 6 375,69 6 546,46 6 717,24 6 944,94 7 172,65 7 400,35 7 485,74 7 571,13
EA 921,6 5 820,15 6 169,35 6 227,56 6 343,96 6 518,56 6 693,17 6 867,77 7 100,58 7 333,38 7 566,19 7 653,49 7 740,79
FA 951,5 6 008,97 6 369,51 6 429,60 6 549,78 6 730,05 6 910,32 7 090,59 7 330,95 7 571,31 7 811,66 7 901,80 7 991,93
GA 980,5 6 192,11 6 563,64 6 625,56 6 749,41 6 935,17 7 120,93 7 306,70 7 554,38 7 802,06 8 049,75 8 142,63 8 235,51
HA 1010,6 6 382,20 6 765,14 6 828,96 6 956,60 7 148,07 7 339,53 7 531,00 7 786,29 8 041,58 8 296,87 8 392,60 8 488,33
HB 1033,8 6 528,72 6 920,44 6 985,73 7 116,30 7 312,16 7 508,03 7 703,89 7 965,04 8 226,19 8 487,33 8 585,26 8 683,20
IA 1057,6 6 679,02 7 079,76 7 146,55 7 280,13 7 480,50 7 680,87 7 881,25 8 148,41 8 415,57 8 682,73 8 782,91 8 883,10
IB 1081,9 6 832,48 7 242,43 7 310,76 7 447,41 7 652,38 7 857,35 8 062,33 8 335,63 8 608,93 8 882,23 8 984,71 9 087,20
JA 1106,9 6 990,36 7 409,79 7 479,69 7 619,50 7 829,21 8 038,92 8 248,63 8 528,24 8 807,86 9 087,47 9 192,33 9 297,18
JB 1132,3 7 150,77 7 579,82 7 651,33 7 794,34 8 008,86 8 223,39 8 437,91 8 723,94 9 009,97 9 296,00 9 403,26 9 510,53
KA 1158,4 7 315,60 7 754,54 7 827,69 7 974,00 8 193,47 8 412,94 8 632,41 8 925,03 9 217,66 9 510,28 9 620,01 9 729,75
KB 1185,0 7 483,59 7 932,60 8 007,44 8 157,11 8 381,62 8 606,12 8 830,63 9 129,97 9 429,32 9 728,66 9 840,92 9 953,17
*Les agents relevant des échelons 1, 2 et 3 sont rémunérés l'échelon 4

=== Page 5 ===

date: SNB: 507,25 Maj. Res: 1,24
Echelon ECH 1 * ECH 2 * ECH 3 * ECH 4 ECH 5 ECH 6 ECH 7 ECH 8 ECH 9 ECH 10 ECH 11 ECH 12
NR Coeff 1,00 1,06 1,07 1,09 1,12 1,15 1,18 1,22 1,26 1,30 1,315 1,33
30 226,0 1 421,52 1 506,81 1 521,02 1 549,45 1 592,10 1 634,75 1 677,39 1 734,25 1 791,11 1 847,97 1 869,30 1 890,62
35 230,4 1 449,19 1 536,14 1 550,64 1 579,62 1 623,10 1 666,57 1 710,05 1 768,02 1 825,98 1 883,95 1 905,69 1 927,43
40 234,9 1 477,50 1 566,15 1 580,92 1 610,47 1 654,80 1 699,12 1 743,45 1 802,55 1 861,65 1 920,75 1 942,91 1 965,07
45 239,6 1 507,06 1 597,48 1 612,55 1 642,70 1 687,91 1 733,12 1 778,33 1 838,61 1 898,90 1 959,18 1 981,78 2 004,39
50 244,3 1 536,62 1 628,82 1 644,19 1 674,92 1 721,02 1 767,12 1 813,21 1 874,68 1 936,14 1 997,61 2 020,66 2 043,71
55 249,0 1 566,19 1 660,16 1 675,82 1 707,14 1 754,13 1 801,11 1 848,10 1 910,75 1 973,39 2 036,04 2 059,53 2 083,03
60 253,8 1 596,38 1 692,16 1 708,12 1 740,05 1 787,94 1 835,83 1 883,72 1 947,58 2 011,43 2 075,29 2 099,24 2 123,18
65 259,0 1 629,08 1 726,83 1 743,12 1 775,70 1 824,57 1 873,45 1 922,32 1 987,48 2 052,65 2 117,81 2 142,25 2 166,68
70 264,4 1 663,05 1 762,83 1 779,46 1 812,72 1 862,62 1 912,51 1 962,40 2 028,92 2 095,44 2 161,96 2 186,91 2 211,86
75 269,4 1 694,50 1 796,17 1 813,11 1 847,00 1 897,84 1 948,67 1 999,51 2 067,29 2 135,07 2 202,85 2 228,27 2 253,68
80 274,2 1 724,69 1 828,17 1 845,42 1 879,91 1 931,65 1 983,39 2 035,13 2 104,12 2 173,11 2 242,10 2 267,97 2 293,84
85 280,5 1 764,32 1 870,18 1 887,82 1 923,11 1 976,03 2 028,96 2 081,89 2 152,47 2 223,04 2 293,61 2 320,08 2 346,54
90 286,9 1 804,57 1 912,85 1 930,89 1 966,98 2 021,12 2 075,26 2 129,40 2 201,58 2 273,76 2 345,94 2 373,01 2 400,08
95 293,2 1 844,20 1 954,85 1 973,29 2 010,18 2 065,50 2 120,83 2 176,15 2 249,92 2 323,69 2 397,46 2 425,12 2 452,78
100 299,8 1 885,71 1 998,85 2 017,71 2 055,43 2 112,00 2 168,57 2 225,14 2 300,57 2 376,00 2 451,43 2 479,71 2 508,00
105 306,7 1 929,11 2 044,86 2 064,15 2 102,73 2 160,61 2 218,48 2 276,35 2 353,52 2 430,68 2 507,85 2 536,78 2 565,72
110 313,9 1 974,40 2 092,86 2 112,61 2 152,10 2 211,33 2 270,56 2 329,79 2 408,77 2 487,74 2 566,72 2 596,34 2 625,95
115 321,7 2 023,46 2 144,87 2 165,10 2 205,57 2 266,28 2 326,98 2 387,68 2 468,62 2 549,56 2 630,50 2 660,85 2 691,20
120 330,6 2 079,44 2 204,21 2 225,00 2 266,59 2 328,97 2 391,36 2 453,74 2 536,92 2 620,10 2 703,27 2 734,46 2 765,66
125 338,9 2 131,65 2 259,55 2 280,86 2 323,50 2 387,44 2 451,39 2 515,34 2 600,61 2 685,88 2 771,14 2 803,12 2 835,09
130 347,1 2 183,22 2 314,22 2 336,05 2 379,71 2 445,21 2 510,71 2 576,20 2 663,53 2 750,86 2 838,19 2 870,94 2 903,69
135 355,7 2 237,32 2 371,56 2 393,93 2 438,68 2 505,80 2 572,92 2 640,03 2 729,53 2 819,02 2 908,51 2 942,07 2 975,63
140 364,5 2 292,67 2 430,23 2 453,16 2 499,01 2 567,79 2 636,57 2 705,35 2 797,06 2 888,76 2 980,47 3 014,86 3 049,25
145 373,6 2 349,91 2 490,90 2 514,40 2 561,40 2 631,90 2 702,39 2 772,89 2 866,89 2 960,88 3 054,88 3 090,13 3 125,38
150 382,8 2 407,77 2 552,24 2 576,32 2 624,47 2 696,71 2 768,94 2 841,17 2 937,48 3 033,79 3 130,11 3 166,22 3 202,34
155 392,1 2 466,27 2 614,25 2 638,91 2 688,23 2 762,22 2 836,21 2 910,20 3 008,85 3 107,50 3 206,15 3 243,14 3 280,14
160 403,0 2 534,83 2 686,92 2 712,27 2 762,96 2 839,01 2 915,05 2 991,10 3 092,49 3 193,89 3 295,28 3 333,30 3 371,32
165 412,7 2 595,84 2 751,59 2 777,55 2 829,47 2 907,34 2 985,22 3 063,09 3 166,93 3 270,76 3 374,59 3 413,53 3 452,47
170 422,8 2 659,37 2 818,93 2 845,53 2 898,71 2 978,49 3 058,28 3 138,06 3 244,43 3 350,81 3 457,18 3 497,07 3 536,96
175 433,3 2 725,41 2 888,94 2 916,19 2 970,70 3 052,46 3 134,23 3 215,99 3 325,00 3 434,02 3 543,04 3 583,92 3 624,80
180 444,0 2 792,72 2 960,28 2 988,21 3 044,06 3 127,84 3 211,62 3 295,40 3 407,11 3 518,82 3 630,53 3 672,42 3 714,31
185 454,9 2 861,28 3 032,95 3 061,56 3 118,79 3 204,63 3 290,47 3 376,31 3 490,76 3 605,21 3 719,66 3 762,58 3 805,50
190 466,1 2 931,72 3 107,63 3 136,94 3 195,58 3 283,53 3 371,48 3 459,43 3 576,70 3 693,97 3 811,24 3 855,21 3 899,19
195 477,6 3 004,06 3 184,30 3 214,34 3 274,42 3 364,54 3 454,66 3 544,79 3 664,95 3 785,11 3 905,27 3 950,33 3 995,39
200 489,3 3 077,65 3 262,31 3 293,08 3 354,64 3 446,97 3 539,30 3 631,62 3 754,73 3 877,84 4 000,94 4 047,11 4 093,27
205 501,5 3 154,38 3 343,65 3 375,19 3 438,28 3 532,91 3 627,54 3 722,17 3 848,35 3 974,52 4 100,70 4 148,02 4 195,33
210 513,9 3 232,38 3 426,32 3 458,65 3 523,29 3 620,27 3 717,24 3 814,21 3 943,50 4 072,80 4 202,09 4 250,58 4 299,06
215 526,5 3 311,63 3 510,33 3 543,45 3 609,68 3 709,03 3 808,38 3 907,73 4 040,19 4 172,66 4 305,12 4 354,80 4 404,471er janvier 2021


=== Page 6 ===

Echelon ECH 1 * ECH 2 * ECH 3 * ECH 4 ECH 5 ECH 6 ECH 7 ECH 8 ECH 9 ECH 10 ECH 11 ECH 12
220 539,4 3 392,77 3 596,34 3 630,27 3 698,12 3 799,90 3 901,69 4 003,47 4 139,18 4 274,89 4 410,60 4 461,50 4 512,39
225 552,9 3 477,69 3 686,35 3 721,12 3 790,68 3 895,01 3 999,34 4 103,67 4 242,78 4 381,88 4 520,99 4 573,16 4 625,32
230 566,5 3 563,23 3 777,02 3 812,65 3 883,92 3 990,82 4 097,71 4 204,61 4 347,14 4 489,67 4 632,20 4 685,65 4 739,09
235 580,6 3 651,92 3 871,03 3 907,55 3 980,59 4 090,15 4 199,70 4 309,26 4 455,34 4 601,41 4 747,49 4 802,27 4 857,05
240 598,5 3 764,51 3 990,38 4 028,02 4 103,31 4 216,25 4 329,18 4 442,12 4 592,70 4 743,28 4 893,86 4 950,32 5 006,79
245 613,2 3 856,97 4 088,38 4 126,95 4 204,09 4 319,80 4 435,51 4 551,22 4 705,50 4 859,78 5 014,06 5 071,91 5 129,77
250 628,3 3 951,94 4 189,06 4 228,58 4 307,62 4 426,18 4 544,74 4 663,29 4 821,37 4 979,45 5 137,53 5 196,81 5 256,09
255 643,9 4 050,07 4 293,07 4 333,57 4 414,57 4 536,07 4 657,58 4 779,08 4 941,08 5 103,08 5 265,09 5 325,84 5 386,59
260 659,8 4 150,08 4 399,08 4 440,58 4 523,58 4 648,09 4 772,59 4 897,09 5 063,09 5 229,10 5 395,10 5 457,35 5 519,60
265 676,2 4 253,23 4 508,42 4 550,96 4 636,02 4 763,62 4 891,21 5 018,81 5 188,94 5 359,07 5 529,20 5 593,00 5 656,80
270 692,9 4 358,27 4 619,77 4 663,35 4 750,52 4 881,26 5 012,01 5 142,76 5 317,09 5 491,42 5 665,75 5 731,13 5 796,50
275 709,9 4 465,20 4 733,11 4 777,76 4 867,07 5 001,02 5 134,98 5 268,94 5 447,54 5 626,15 5 804,76 5 871,74 5 938,72
280 727,5 4 575,90 4 850,46 4 896,22 4 987,73 5 125,01 5 262,29 5 399,56 5 582,60 5 765,64 5 948,67 6 017,31 6 085,95
285 744,0 4 679,69 4 960,47 5 007,26 5 100,86 5 241,25 5 381,64 5 522,03 5 709,22 5 896,40 6 083,59 6 153,79 6 223,98
290 760,7 4 784,73 5 071,81 5 119,66 5 215,35 5 358,89 5 502,44 5 645,98 5 837,37 6 028,76 6 220,15 6 291,92 6 363,69
295 777,6 4 891,03 5 184,49 5 233,40 5 331,22 5 477,95 5 624,68 5 771,41 5 967,05 6 162,69 6 358,33 6 431,70 6 505,06
300 794,9 4 999,84 5 299,83 5 349,83 5 449,83 5 599,82 5 749,82 5 899,81 6 099,81 6 299,80 6 499,79 6 574,79 6 649,79
305 812,6 5 111,17 5 417,84 5 468,95 5 571,18 5 724,51 5 877,85 6 031,18 6 235,63 6 440,08 6 644,52 6 721,19 6 797,86
310 830,7 5 225,02 5 538,52 5 590,77 5 695,27 5 852,02 6 008,77 6 165,52 6 374,52 6 583,53 6 792,53 6 870,90 6 949,28
315 849,3 5 342,01 5 662,53 5 715,95 5 822,79 5 983,05 6 143,31 6 303,57 6 517,25 6 730,94 6 944,62 7 024,75 7 104,88
320 868,5 5 462,78 5 790,54 5 845,17 5 954,43 6 118,31 6 282,19 6 446,08 6 664,59 6 883,10 7 101,61 7 183,55 7 265,49
325 887,4 5 581,66 5 916,56 5 972,37 6 084,01 6 251,46 6 418,91 6 586,36 6 809,62 7 032,89 7 256,15 7 339,88 7 423,60
330 906,7 5 703,05 6 045,24 6 102,27 6 216,33 6 387,42 6 558,51 6 729,60 6 957,72 7 185,85 7 413,97 7 499,51 7 585,06
340 929,0 5 843,32 6 193,92 6 252,35 6 369,22 6 544,52 6 719,81 6 895,11 7 128,85 7 362,58 7 596,31 7 683,96 7 771,61
350 949,6 5 972,89 6 331,26 6 390,99 6 510,45 6 689,64 6 868,82 7 048,01 7 286,92 7 525,84 7 764,76 7 854,35 7 943,94
355 971,4 6 110,01 6 476,61 6 537,71 6 659,91 6 843,21 7 026,51 7 209,81 7 454,21 7 698,61 7 943,01 8 034,66 8 126,31
360 993,8 6 250,90 6 625,96 6 688,47 6 813,48 7 001,01 7 188,54 7 376,07 7 626,10 7 876,14 8 126,17 8 219,94 8 313,70
365 1016,7 6 394,94 6 778,64 6 842,59 6 970,49 7 162,33 7 354,18 7 546,03 7 801,83 8 057,63 8 313,42 8 409,35 8 505,27
370 1040,0 6 541,50 6 933,99 6 999,40 7 130,23 7 326,48 7 522,72 7 718,97 7 980,63 8 242,28 8 503,94 8 602,07 8 700,19
CA 842,9 5 301,76 5 619,86 5 672,88 5 778,91 5 937,97 6 097,02 6 256,07 6 468,14 6 680,21 6 892,28 6 971,81 7 051,34
CB 862,1 5 422,52 5 747,87 5 802,10 5 910,55 6 073,23 6 235,90 6 398,58 6 615,48 6 832,38 7 049,28 7 130,62 7 211,96
DA 881,8 5 546,43 5 879,22 5 934,68 6 045,61 6 212,01 6 378,40 6 544,79 6 766,65 6 988,51 7 210,36 7 293,56 7 376,76
DB 901,4 5 669,72 6 009,90 6 066,60 6 179,99 6 350,08 6 520,17 6 690,26 6 917,05 7 143,84 7 370,63 7 455,68 7 540,72
EA 921,6 5 796,77 6 144,58 6 202,55 6 318,48 6 492,38 6 666,29 6 840,19 7 072,06 7 303,93 7 535,80 7 622,75 7 709,71
FA 951,5 5 984,84 6 343,93 6 403,78 6 523,48 6 703,02 6 882,57 7 062,11 7 301,50 7 540,90 7 780,29 7 870,06 7 959,84
GA 980,5 6 167,25 6 537,28 6 598,95 6 722,30 6 907,32 7 092,33 7 277,35 7 524,04 7 770,73 8 017,42 8 109,93 8 202,44
HA 1010,6 6 356,57 6 737,97 6 801,53 6 928,66 7 119,36 7 310,06 7 500,76 7 755,02 8 009,28 8 263,54 8 358,89 8 454,24
HB 1033,8 6 502,50 6 892,65 6 957,67 7 087,72 7 282,80 7 477,87 7 672,95 7 933,05 8 193,15 8 453,25 8 550,79 8 648,32
IA 1057,6 6 652,20 7 051,33 7 117,85 7 250,90 7 450,46 7 650,03 7 849,59 8 115,68 8 381,77 8 647,86 8 747,64 8 847,42
IB 1081,9 6 805,04 7 213,35 7 281,40 7 417,50 7 621,65 7 825,80 8 029,95 8 302,15 8 574,35 8 846,56 8 948,63 9 050,71
JA 1106,9 6 962,29 7 380,03 7 449,65 7 588,90 7 797,77 8 006,63 8 215,50 8 493,99 8 772,49 9 050,98 9 155,41 9 259,85
JB 1132,3 7 122,05 7 549,38 7 620,60 7 763,04 7 976,70 8 190,36 8 404,02 8 688,91 8 973,79 9 258,67 9 365,50 9 472,33
KA 1158,4 7 286,22 7 723,39 7 796,26 7 941,98 8 160,57 8 379,15 8 597,74 8 889,19 9 180,64 9 472,09 9 581,38 9 690,67
KB 1185,0 7 453,53 7 900,74 7 975,28 8 124,35 8 347,96 8 571,56 8 795,17 9 093,31 9 391,45 9 689,59 9 801,39 9 913,20
*Les agents relevant des échelons 1, 2 et 3 sont rémunérés l'échelon 4