=== Page 1 ===

Pôle Parcours Professionnel et Reconnaissance
REMUNERATIONS
MENSUELLES BRUTES
AU 1ER JANVIER 2013
Ce barème salarial tient compte de la revalorisation
du SNB de 0,8%, au 1er janvier 2013,
prévue par la recommandation patronale du 20 novembre 2012.
45, rue Kléber – Immeuble Carré Vert - 92309 Levallois-Perret Cedex - Tél.: 01 82 24 89 24SALAIRE NATIONAL DE BASE
498,71 Euros(recommandation patronale du 20 novembre 2012)


=== Page 2 ===

25%
9% 12% 15% 18% 22% 26% 30% 31,5% 33%
456789 1 0 1 1 1 2
30 222,9 - 1 514,59 1 556,27 1 597,96 1 639,65 1 695,23 1 750,81 1 806,39 1 827,23 1 848,08
35 227,2 1,9% 1 543,81 1 586,30 1 628,79 1 671,28 1 727,93 1 784,58 1 841,24 1 862,48 1 883,73
40 231,6 1,9% 1 573,70 1 617,02 1 660,33 1 703,64 1 761,39 1 819,14 1 876,90 1 898,55 1 920,21
45 236,3 2,0% 1 605,64 1 649,83 1 694,02 1 738,22 1 797,14 1 856,06 1 914,98 1 937,08 1 959,18
50 240,9 1,9% 1 636,90 1 681,95 1 727,00 1 772,05 1 832,12 1 892,19 1 952,26 1 974,79 1 997,31
55 245,5 1,9% 1 668,15 1 714,07 1 759,98 1 805,89 1 867,11 1 928,32 1 989,54 2 012,50 2 035,45
60 250,3 2,0% 1 700,77 1 747,58 1 794,39 1 841,20 1 903,61 1 966,03 2 028,44 2 051,85 2 075,25
65 255,4 2,0% 1 735,42 1 783,19 1 830,95 1 878,72 1 942,40 2 006,09 2 069,77 2 093,65 2 117,54
70 260,8 2,1% 1 772,12 1 820,89 1 869,66 1 918,44 1 983,47 2 048,50 2 113,53 2 137,92 2 162,31
75 265,6 1,8% 1 804,73 1 854,40 1 904,07 1 953,75 2 019,97 2 086,20 2 152,43 2 177,27 2 202,10
80 270,4 1,8% 1 837,35 1 887,92 1 938,49 1 989,05 2 056,48 2 123,91 2 191,33 2 216,62 2 241,90
85 276,6 2,3% 1 879,48 1 931,20 1 982,93 2 034,66 2 103,63 2 172,61 2 241,58 2 267,44 2 293,31
90 282,9 2,3% 1 922,28 1 975,19 2 028,10 2 081,00 2 151,55 2 222,09 2 292,63 2 319,09 2 345,54
95 289,2 2,2% 1 965,09 2 019,18 2 073,26 2 127,35 2 199,46 2 271,57 2 343,69 2 370,73 2 397,77
100 295,6 2,2% 2 008,58 2 063,86 2 119,14 2 174,43 2 248,13 2 321,84 2 395,55 2 423,19 2 450,84
105 302,5 2,3% 2 055,46 2 112,04 2 168,61 2 225,18 2 300,61 2 376,04 2 451,47 2 479,76 2 508,04
110 309,6 2,3% 2 103,71 2 161,61 2 219,51 2 277,41 2 354,61 2 431,81 2 509,01 2 537,96 2 566,91
115 317,2 2,5% 2 155,35 2 214,67 2 273,99 2 333,31 2 412,41 2 491,51 2 570,60 2 600,26 2 629,92
120 325,7 2,7% 2 213,11 2 274,02 2 334,93 2 395,84 2 477,06 2 558,27 2 639,49 2 669,94 2 700,40
125 333,8 2,5% 2 268,15 2 330,57 2 393,00 2 455,42 2 538,66 2 621,89 2 705,13 2 736,34 2 767,55
130 342,0 2,5% 2 323,86 2 387,82 2 451,78 2 515,74 2 601,02 2 686,30 2 771,58 2 803,56 2 835,54
135 350,5 2,5% 2 381,62 2 447,17 2 512,72 2 578,27 2 665,67 2 753,07 2 840,47 2 873,24 2 906,01
140 359,2 2,5% 2 440,74 2 507,91 2 575,09 2 642,27 2 731,83 2 821,40 2 910,97 2 944,56 2 978,15
145 368,0 2,4% 2 500,53 2 569,35 2 638,18 2 707,00 2 798,76 2 890,52 2 982,29 3 016,70 3 051,11
150 377,1 2,5% 2 562,37 2 632,89 2 703,41 2 773,94 2 867,97 2 962,00 3 056,03 3 091,29 3 126,56
155 386,3 2,4% 2 624,88 2 697,12 2 769,37 2 841,61 2 937,94 3 034,26 3 130,59 3 166,71 3 202,83
160 396,6 2,7% 2 694,87 2 769,04 2 843,21 2 917,38 3 016,27 3 115,17 3 214,06 3 251,15 3 288,23
165 406,2 2,4% 2 760,10 2 836,06 2 912,03 2 988,00 3 089,28 3 190,57 3 291,86 3 329,84 3 367,83
170 416,1 2,4% 2 827,37 2 905,19 2 983,00 3 060,82 3 164,58 3 268,33 3 372,09 3 411,00 3 449,91
175 426,5 2,5% 2 898,03 2 977,80 3 057,56 3 137,32 3 243,67 3 350,02 3 456,37 3 496,25 3 536,13
180 437,0 2,5% 2 969,38 3 051,11 3 132,83 3 214,56 3 323,53 3 432,50 3 541,46 3 582,33 3 623,19
185 447,7 2,4% 3 042,09 3 125,81 3 209,54 3 293,27 3 404,91 3 516,54 3 628,18 3 670,04 3 711,90
190 458,7 2,5% 3 116,83 3 202,62 3 288,40 3 374,18 3 488,56 3 602,94 3 717,32 3 760,21 3 803,11
195 470,1 2,5% 3 194,29 3 282,21 3 370,13 3 458,04 3 575,26 3 692,49 3 809,71 3 853,67 3 897,62
200 481,6 2,4% 3 272,44 3 362,50 3 452,57 3 542,64 3 662,73 3 782,82 3 902,90 3 947,94 3 992,97
205 493,6 2,5% 3 353,97 3 446,29 3 538,60 3 630,91 3 753,99 3 877,07 4 000,15 4 046,31 4 092,46
210 505,8 2,5% 3 436,87 3 531,47 3 626,06 3 720,65 3 846,77 3 972,90 4 099,02 4 146,32 4 193,61
215 518,2 2,5% 3 521,13 3 618,04 3 714,95 3 811,86 3 941,08 4 070,30 4 199,51 4 247,97 4 296,42
220 531,0 2,5% 3 608,10 3 707,41 3 806,72 3 906,02 4 038,43 4 170,84 4 303,24 4 352,90 4 402,55
225 544,2 2,5% 3 697,80 3 799,57 3 901,35 4 003,12 4 138,82 4 274,52 4 410,22 4 461,10 4 511,99
230 557,6 2,5% 3 788,85 3 893,13 3 997,41 4 101,69 4 240,73 4 379,77 4 518,81 4 570,95 4 623,09
235 571,5 2,5% 3 883,30 3 990,18 4 097,06 4 203,94 4 346,44 4 488,95 4 631,46 4 684,90 4 738,34
240 588,0 2,9% 3 995,42 4 105,38 4 215,35 4 325,31 4 471,93 4 618,55 4 765,17 4 820,16 4 875,14
245 602,4 2,4% 4 093,26 4 205,92 4 318,58 4 431,24 4 581,45 4 731,66 4 881,87 4 938,20 4 994,53
250 617,2 2,5% 4 193,83 4 309,25 4 424,68 4 540,11 4 694,01 4 847,91 5 001,81 5 059,53 5 117,24
255 632,6 2,5% 4 298,47 4 416,78 4 535,08 4 653,39 4 811,13 4 968,87 5 126,61 5 185,77 5 244,92
260 648,2 2,5% 4 404,47 4 525,69 4 646,92 4 768,14 4 929,77 5 091,41 5 253,04 5 313,65 5 374,26
265 664,3 2,5% 4 513,87 4 638,10 4 762,34 4 886,57 5 052,22 5 217,87 5 383,51 5 445,63 5 507,75
270 680,6 2,5% 4 624,63 4 751,91 4 879,19 5 006,47 5 176,19 5 345,90 5 515,61 5 579,25 5 642,89
275 697,4 2,5% 4 738,78 4 869,20 4 999,63 5 130,06 5 303,96 5 477,86 5 651,76 5 716,97 5 782,18
280 714,7 2,5% 4 856,33 4 989,99 5 123,65 5 257,31 5 435,53 5 613,74 5 791,96 5 858,79 5 925,62
285 730,8 2,3% 4 965,73 5 102,40 5 239,07 5 375,74 5 557,97 5 740,20 5 922,43 5 990,77 6 059,10
290 747,3 2,3% 5 077,85 5 217,60 5 357,36 5 497,12 5 683,46 5 869,80 6 056,15 6 126,03 6 195,90
295 763,9 2,2% 5 190,64 5 333,50 5 476,37 5 619,23 5 809,71 6 000,19 6 190,67 6 262,11 6 333,54
300 780,9 2,2% 5 306,16 5 452,20 5 598,24 5 744,28 5 939,00 6 133,72 6 328,44 6 401,46 6 474,48
305 798,3 2,2% 5 424,39 5 573,68 5 722,98 5 872,27 6 071,33 6 270,39 6 469,45 6 544,10 6 618,75
310 816,1 2,2% 5 545,34 5 697,96 5 850,59 6 003,21 6 206,71 6 410,21 6 613,71 6 690,02 6 766,33
315 834,3 2,2% 5 669,00 5 825,03 5 981,06 6 137,09 6 345,12 6 553,16 6 761,20 6 839,21 6 917,23
320 853,1 2,3% 5 796,75 5 956,29 6 115,84 6 275,38 6 488,10 6 700,83 6 913,55 6 993,33 7 073,10
325 871,7 2,2% 5 923,14 6 086,16 6 249,18 6 412,20 6 629,56 6 846,93 7 064,29 7 145,80 7 227,31
330 890,7 2,2% 6 052,24 6 218,81 6 385,39 6 551,96 6 774,07 6 996,17 7 218,27 7 301,55 7 384,84
340 912,6 2,5% 6 201,05 6 371,72 6 542,39 6 713,06 6 940,62 7 168,18 7 395,74 7 481,08 7 566,42
350 932,9 2,2% 6 338,98 6 513,45 6 687,92 6 862,39 7 095,01 7 327,63 7 560,26 7 647,49 7 734,72
355 954,3 2,3% 6 484,40 6 662,87 6 841,33 7 019,80 7 257,76 7 495,72 7 733,68 7 822,92 7 912,15
360 976,3 2,3% 6 633,88 6 816,47 6 999,05 7 181,64 7 425,08 7 668,53 7 911,97 8 003,26 8 094,56
365 998,7 2,3% 6 786,09 6 972,86 7 159,64 7 346,41 7 595,44 7 844,47 8 093,50 8 186,89 8 280,28
370 1 021,7 2,3% 6 942,37 7 133,45 7 324,52 7 515,60 7 770,36 8 025,13 8 279,90 8 375,43 8 470,97 Ecart
NRTaux de majoration d'anciennetéREMUNERATIONS MENSUELLES BRUTES
AU 1ER JANVIER 2013
(recommandation patronale du 20 novembre 2012)
Echelons d'anciennetéMajoration résidentielle:
Niveau de
rémunératio
nCoefficient
Rémunérations mensuelles au 01-01-2013 (pour salariés). xls - MR 25 - 22/11/2012

=== Page 3 ===

24,5%
9% 12% 15% 18% 22% 26% 30% 31,5% 33%
456789 1 0 1 1 1 2
30 222,9 - 1 508,53 1 550,05 1 591,57 1 633,09 1 688,45 1 743,81 1 799,16 1 819,92 1 840,68
35 227,2 1,9% 1 537,63 1 579,95 1 622,27 1 664,59 1 721,02 1 777,45 1 833,87 1 855,03 1 876,19
40 231,6 1,9% 1 567,41 1 610,55 1 653,69 1 696,83 1 754,35 1 811,87 1 869,39 1 890,96 1 912,53
45 236,3 2,0% 1 599,22 1 643,23 1 687,25 1 731,26 1 789,95 1 848,64 1 907,32 1 929,33 1 951,34
50 240,9 1,9% 1 630,35 1 675,22 1 720,09 1 764,97 1 824,79 1 884,62 1 944,45 1 966,89 1 989,33
55 245,5 1,9% 1 661,48 1 707,21 1 752,94 1 798,67 1 859,64 1 920,61 1 981,58 2 004,45 2 027,31
60 250,3 2,0% 1 693,97 1 740,59 1 787,21 1 833,84 1 896,00 1 958,16 2 020,33 2 043,64 2 066,95
65 255,4 2,0% 1 728,48 1 776,05 1 823,63 1 871,20 1 934,63 1 998,06 2 061,49 2 085,28 2 109,06
70 260,8 2,1% 1 765,03 1 813,61 1 862,19 1 910,76 1 975,54 2 040,31 2 105,08 2 129,37 2 153,66
75 265,6 1,8% 1 797,51 1 846,99 1 896,46 1 945,93 2 011,90 2 077,86 2 143,82 2 168,56 2 193,30
80 270,4 1,8% 1 830,00 1 880,36 1 930,73 1 981,10 2 048,25 2 115,41 2 182,57 2 207,75 2 232,93
85 276,6 2,3% 1 871,96 1 923,48 1 975,00 2 026,52 2 095,22 2 163,91 2 232,61 2 258,37 2 284,13
90 282,9 2,3% 1 914,59 1 967,29 2 019,99 2 072,68 2 142,94 2 213,20 2 283,46 2 309,81 2 336,16
95 289,2 2,2% 1 957,23 2 011,10 2 064,97 2 118,84 2 190,66 2 262,49 2 334,31 2 361,25 2 388,18
100 295,6 2,2% 2 000,55 2 055,61 2 110,67 2 165,73 2 239,14 2 312,56 2 385,97 2 413,50 2 441,03
105 302,5 2,3% 2 047,24 2 103,59 2 159,93 2 216,28 2 291,41 2 366,54 2 441,67 2 469,84 2 498,01
110 309,6 2,3% 2 095,29 2 152,96 2 210,63 2 268,30 2 345,19 2 422,08 2 498,97 2 527,81 2 556,64
115 317,2 2,5% 2 146,73 2 205,81 2 264,90 2 323,98 2 402,76 2 481,54 2 560,32 2 589,86 2 619,40
120 325,7 2,7% 2 204,25 2 264,92 2 325,59 2 386,26 2 467,15 2 548,04 2 628,93 2 659,26 2 689,59
125 333,8 2,5% 2 259,07 2 321,25 2 383,43 2 445,60 2 528,50 2 611,41 2 694,31 2 725,40 2 756,48
130 342,0 2,5% 2 314,57 2 378,27 2 441,98 2 505,68 2 590,62 2 675,56 2 760,49 2 792,35 2 824,20
135 350,5 2,5% 2 372,09 2 437,38 2 502,67 2 567,96 2 655,00 2 742,05 2 829,10 2 861,75 2 894,39
140 359,2 2,5% 2 430,97 2 497,88 2 564,79 2 631,70 2 720,91 2 810,12 2 899,33 2 932,78 2 966,23
145 368,0 2,4% 2 490,53 2 559,08 2 627,62 2 696,17 2 787,57 2 878,96 2 970,36 3 004,63 3 038,90
150 377,1 2,5% 2 552,12 2 622,36 2 692,60 2 762,84 2 856,50 2 950,15 3 043,81 3 078,93 3 114,05
155 386,3 2,4% 2 614,38 2 686,33 2 758,29 2 830,25 2 926,19 3 022,13 3 118,07 3 154,05 3 190,02
160 396,6 2,7% 2 684,09 2 757,96 2 831,84 2 905,71 3 004,21 3 102,71 3 201,21 3 238,14 3 275,08
165 406,2 2,4% 2 749,06 2 824,72 2 900,38 2 976,04 3 076,93 3 177,81 3 278,69 3 316,52 3 354,35
170 416,1 2,4% 2 816,06 2 893,56 2 971,07 3 048,58 3 151,92 3 255,26 3 358,60 3 397,35 3 436,11
175 426,5 2,5% 2 886,44 2 965,89 3 045,33 3 124,77 3 230,70 3 336,62 3 442,55 3 482,27 3 521,99
180 437,0 2,5% 2 957,50 3 038,90 3 120,30 3 201,70 3 310,23 3 418,77 3 527,30 3 568,00 3 608,70
185 447,7 2,4% 3 029,92 3 113,31 3 196,70 3 280,10 3 391,29 3 502,48 3 613,66 3 655,36 3 697,06
190 458,7 2,5% 3 104,36 3 189,81 3 275,25 3 360,69 3 474,61 3 588,53 3 702,45 3 745,17 3 787,89
195 470,1 2,5% 3 181,52 3 269,08 3 356,65 3 444,21 3 560,96 3 677,72 3 794,47 3 838,25 3 882,03
200 481,6 2,4% 3 259,35 3 349,05 3 438,76 3 528,47 3 648,07 3 767,68 3 887,29 3 932,15 3 977,00
205 493,6 2,5% 3 340,56 3 432,50 3 524,44 3 616,38 3 738,97 3 861,56 3 984,15 4 030,12 4 076,09
210 505,8 2,5% 3 423,12 3 517,34 3 611,55 3 705,77 3 831,39 3 957,01 4 082,63 4 129,73 4 176,84
215 518,2 2,5% 3 507,04 3 603,57 3 700,09 3 796,62 3 925,32 4 054,02 4 182,71 4 230,98 4 279,24
220 531,0 2,5% 3 593,67 3 692,58 3 791,49 3 890,40 4 022,28 4 154,15 4 286,03 4 335,49 4 384,94
225 544,2 2,5% 3 683,01 3 784,37 3 885,74 3 987,11 4 122,26 4 257,42 4 392,58 4 443,26 4 493,94
230 557,6 2,5% 3 773,69 3 877,56 3 981,42 4 085,28 4 223,77 4 362,25 4 500,74 4 552,67 4 604,60
235 571,5 2,5% 3 867,77 3 974,22 4 080,67 4 187,12 4 329,06 4 471,00 4 612,93 4 666,16 4 719,38
240 588,0 2,9% 3 979,43 4 088,96 4 198,48 4 308,01 4 454,04 4 600,08 4 746,11 4 800,88 4 855,64
245 602,4 2,4% 4 076,89 4 189,10 4 301,30 4 413,51 4 563,12 4 712,73 4 862,34 4 918,45 4 974,55
250 617,2 2,5% 4 177,05 4 292,02 4 406,98 4 521,95 4 675,23 4 828,52 4 981,80 5 039,29 5 096,77
255 632,6 2,5% 4 281,27 4 399,11 4 516,94 4 634,77 4 791,89 4 949,00 5 106,11 5 165,02 5 223,94
260 648,2 2,5% 4 386,85 4 507,59 4 628,33 4 749,07 4 910,05 5 071,04 5 232,02 5 292,39 5 352,76
265 664,3 2,5% 4 495,81 4 619,55 4 743,29 4 867,03 5 032,01 5 196,99 5 361,98 5 423,85 5 485,72
270 680,6 2,5% 4 606,13 4 732,90 4 859,67 4 986,45 5 155,48 5 324,51 5 493,55 5 556,93 5 620,32
275 697,4 2,5% 4 719,82 4 849,73 4 979,63 5 109,54 5 282,74 5 455,94 5 629,15 5 694,10 5 759,05
280 714,7 2,5% 4 836,91 4 970,03 5 103,16 5 236,28 5 413,79 5 591,29 5 768,79 5 835,35 5 901,91
285 730,8 2,3% 4 945,87 5 081,99 5 218,12 5 354,24 5 535,74 5 717,24 5 898,74 5 966,80 6 034,87
290 747,3 2,3% 5 057,54 5 196,73 5 335,93 5 475,13 5 660,73 5 846,33 6 031,92 6 101,52 6 171,12
295 763,9 2,2% 5 169,88 5 312,17 5 454,46 5 596,75 5 786,47 5 976,19 6 165,91 6 237,06 6 308,20
300 780,9 2,2% 5 284,93 5 430,39 5 575,84 5 721,30 5 915,24 6 109,19 6 303,13 6 375,86 6 448,59
305 798,3 2,2% 5 402,69 5 551,39 5 700,09 5 848,78 6 047,05 6 245,31 6 443,58 6 517,92 6 592,27
310 816,1 2,2% 5 523,16 5 675,17 5 827,18 5 979,20 6 181,88 6 384,57 6 587,25 6 663,26 6 739,26
315 834,3 2,2% 5 646,33 5 801,73 5 957,14 6 112,54 6 319,74 6 526,95 6 734,15 6 811,86 6 889,56
320 853,1 2,3% 5 773,56 5 932,47 6 091,37 6 250,28 6 462,15 6 674,03 6 885,90 6 965,35 7 044,81
325 871,7 2,2% 5 899,44 6 061,81 6 224,18 6 386,55 6 603,05 6 819,54 7 036,03 7 117,22 7 198,40
330 890,7 2,2% 6 028,03 6 193,94 6 359,85 6 525,76 6 746,97 6 968,18 7 189,39 7 272,35 7 355,30
340 912,6 2,5% 6 176,24 6 346,23 6 516,22 6 686,21 6 912,86 7 139,51 7 366,16 7 451,16 7 536,15
350 932,9 2,2% 6 313,63 6 487,40 6 661,17 6 834,94 7 066,63 7 298,32 7 530,02 7 616,90 7 703,79
355 954,3 2,3% 6 458,46 6 636,21 6 813,97 6 991,73 7 228,73 7 465,74 7 702,75 7 791,63 7 880,50
360 976,3 2,3% 6 607,35 6 789,20 6 971,06 7 152,91 7 395,38 7 637,85 7 880,32 7 971,25 8 062,18
365 998,7 2,3% 6 758,95 6 944,97 7 131,00 7 317,02 7 565,06 7 813,09 8 061,13 8 154,14 8 247,15
370 1 021,7 2,3% 6 914,60 7 104,91 7 295,22 7 485,53 7 739,28 7 993,03 8 246,78 8 341,93 8 437,09 Ecart
NRTaux de majoration d'anciennetéREMUNERATIONS MENSUELLES BRUTES
AU 1ER JANVIER 2013
(recommandation patronale du 20 novembre 2012)
Echelons d'anciennetéMajoration résidentielle:
Niveau de
rémunératio
nCoefficient
Rémunérations mensuelles au 01-01-2013 (pour salariés). xls - MR 24,5 - 22/11/2012

=== Page 4 ===

24%
9% 12% 15% 18% 22% 26% 30% 31,5% 33%
456789 1 0 1 1 1 2
30 222,9 - 1 502,47 1 543,82 1 585,18 1 626,53 1 681,67 1 736,80 1 791,94 1 812,62 1 833,29
35 227,2 1,9% 1 531,46 1 573,61 1 615,76 1 657,91 1 714,11 1 770,31 1 826,51 1 847,58 1 868,66
40 231,6 1,9% 1 561,11 1 604,08 1 647,05 1 690,01 1 747,30 1 804,59 1 861,88 1 883,36 1 904,85
45 236,3 2,0% 1 592,80 1 636,63 1 680,47 1 724,31 1 782,76 1 841,21 1 899,66 1 921,58 1 943,50
50 240,9 1,9% 1 623,80 1 668,49 1 713,19 1 757,88 1 817,47 1 877,06 1 936,64 1 958,99 1 981,34
55 245,5 1,9% 1 654,81 1 700,35 1 745,90 1 791,44 1 852,17 1 912,90 1 973,62 1 996,40 2 019,17
60 250,3 2,0% 1 687,16 1 733,60 1 780,03 1 826,47 1 888,38 1 950,30 2 012,21 2 035,43 2 058,65
65 255,4 2,0% 1 721,54 1 768,92 1 816,30 1 863,69 1 926,86 1 990,04 2 053,21 2 076,90 2 100,59
70 260,8 2,1% 1 757,94 1 806,32 1 854,71 1 903,09 1 967,60 2 032,11 2 096,62 2 120,82 2 145,01
75 265,6 1,8% 1 790,29 1 839,57 1 888,84 1 938,12 2 003,82 2 069,51 2 135,21 2 159,85 2 184,49
80 270,4 1,8% 1 822,65 1 872,81 1 922,98 1 973,14 2 040,03 2 106,91 2 173,80 2 198,88 2 223,97
85 276,6 2,3% 1 864,44 1 915,75 1 967,07 2 018,38 2 086,80 2 155,22 2 223,64 2 249,30 2 274,96
90 282,9 2,3% 1 906,91 1 959,39 2 011,87 2 064,36 2 134,33 2 204,31 2 274,29 2 300,53 2 326,77
95 289,2 2,2% 1 949,37 2 003,02 2 056,68 2 110,33 2 181,87 2 253,40 2 324,94 2 351,76 2 378,59
100 295,6 2,2% 1 992,51 2 047,35 2 102,19 2 157,03 2 230,15 2 303,27 2 376,39 2 403,81 2 431,23
105 302,5 2,3% 2 039,02 2 095,14 2 151,26 2 207,38 2 282,21 2 357,03 2 431,86 2 459,92 2 487,98
110 309,6 2,3% 2 086,88 2 144,32 2 201,75 2 259,19 2 335,77 2 412,36 2 488,94 2 517,66 2 546,37
115 317,2 2,5% 2 138,11 2 196,95 2 255,80 2 314,65 2 393,11 2 471,57 2 550,04 2 579,46 2 608,88
120 325,7 2,7% 2 195,40 2 255,83 2 316,25 2 376,67 2 457,24 2 537,80 2 618,37 2 648,58 2 678,79
125 333,8 2,5% 2 250,00 2 311,93 2 373,85 2 435,78 2 518,35 2 600,92 2 683,49 2 714,45 2 745,41
130 342,0 2,5% 2 305,27 2 368,72 2 432,17 2 495,62 2 580,21 2 664,81 2 749,41 2 781,13 2 812,86
135 350,5 2,5% 2 362,57 2 427,59 2 492,62 2 557,64 2 644,34 2 731,04 2 817,74 2 850,25 2 882,77
140 359,2 2,5% 2 421,21 2 487,85 2 554,49 2 621,13 2 709,98 2 798,83 2 887,68 2 921,00 2 954,32
145 368,0 2,4% 2 480,53 2 548,80 2 617,07 2 685,34 2 776,37 2 867,40 2 958,43 2 992,56 3 026,70
150 377,1 2,5% 2 541,87 2 611,83 2 681,79 2 751,75 2 845,03 2 938,30 3 031,58 3 066,56 3 101,54
155 386,3 2,4% 2 603,88 2 675,55 2 747,21 2 818,88 2 914,43 3 009,99 3 105,54 3 141,38 3 177,21
160 396,6 2,7% 2 673,31 2 746,89 2 820,46 2 894,04 2 992,14 3 090,25 3 188,35 3 225,14 3 261,93
165 406,2 2,4% 2 738,02 2 813,38 2 888,73 2 964,09 3 064,57 3 165,05 3 265,53 3 303,20 3 340,88
170 416,1 2,4% 2 804,75 2 881,94 2 959,14 3 036,33 3 139,26 3 242,19 3 345,11 3 383,71 3 422,31
175 426,5 2,5% 2 874,85 2 953,98 3 033,10 3 112,22 3 217,72 3 323,22 3 428,72 3 468,28 3 507,85
180 437,0 2,5% 2 945,63 3 026,70 3 107,77 3 188,84 3 296,94 3 405,04 3 513,13 3 553,67 3 594,20
185 447,7 2,4% 3 017,75 3 100,81 3 183,87 3 266,92 3 377,67 3 488,41 3 599,15 3 640,68 3 682,21
190 458,7 2,5% 3 091,90 3 176,99 3 262,09 3 347,19 3 460,66 3 574,12 3 687,58 3 730,13 3 772,68
195 470,1 2,5% 3 168,74 3 255,95 3 343,17 3 430,38 3 546,66 3 662,95 3 779,23 3 822,84 3 866,44
200 481,6 2,4% 3 246,26 3 335,60 3 424,95 3 514,30 3 633,42 3 752,55 3 871,68 3 916,35 3 961,03
205 493,6 2,5% 3 327,14 3 418,72 3 510,29 3 601,86 3 723,96 3 846,05 3 968,15 4 013,94 4 059,72
210 505,8 2,5% 3 409,38 3 503,21 3 597,05 3 690,89 3 816,00 3 941,12 4 066,23 4 113,15 4 160,07
215 518,2 2,5% 3 492,96 3 589,10 3 685,23 3 781,37 3 909,55 4 037,73 4 165,92 4 213,98 4 262,05
220 531,0 2,5% 3 579,24 3 677,75 3 776,26 3 874,77 4 006,12 4 137,47 4 268,82 4 318,07 4 367,33
225 544,2 2,5% 3 668,22 3 769,18 3 870,14 3 971,10 4 105,71 4 240,32 4 374,94 4 425,42 4 475,90
230 557,6 2,5% 3 758,54 3 861,98 3 965,43 4 068,88 4 206,80 4 344,73 4 482,66 4 534,38 4 586,11
235 571,5 2,5% 3 852,23 3 958,26 4 064,28 4 170,31 4 311,67 4 453,04 4 594,41 4 647,42 4 700,43
240 588,0 2,9% 3 963,45 4 072,54 4 181,62 4 290,71 4 436,16 4 581,60 4 727,05 4 781,60 4 836,14
245 602,4 2,4% 4 060,52 4 172,27 4 284,03 4 395,79 4 544,80 4 693,81 4 842,82 4 898,70 4 954,57
250 617,2 2,5% 4 160,28 4 274,78 4 389,28 4 503,79 4 656,46 4 809,13 4 961,80 5 019,05 5 076,30
255 632,6 2,5% 4 264,08 4 381,44 4 498,80 4 616,16 4 772,64 4 929,12 5 085,60 5 144,28 5 202,96
260 648,2 2,5% 4 369,23 4 489,49 4 609,74 4 730,00 4 890,34 5 050,67 5 211,01 5 271,14 5 331,27
265 664,3 2,5% 4 477,76 4 601,00 4 724,24 4 847,48 5 011,80 5 176,12 5 340,44 5 402,06 5 463,69
270 680,6 2,5% 4 587,63 4 713,89 4 840,16 4 966,42 5 134,78 5 303,13 5 471,48 5 534,62 5 597,75
275 697,4 2,5% 4 700,87 4 830,25 4 959,63 5 089,01 5 261,52 5 434,03 5 606,54 5 671,23 5 735,92
280 714,7 2,5% 4 817,48 4 950,07 5 082,66 5 215,26 5 392,04 5 568,83 5 745,62 5 811,92 5 878,21
285 730,8 2,3% 4 926,00 5 061,58 5 197,16 5 332,74 5 513,51 5 694,28 5 875,05 5 942,84 6 010,63
290 747,3 2,3% 5 037,22 5 175,86 5 314,50 5 453,14 5 637,99 5 822,85 6 007,70 6 077,02 6 146,34
295 763,9 2,2% 5 149,12 5 290,84 5 432,55 5 574,27 5 763,23 5 952,19 6 141,15 6 212,01 6 282,87
300 780,9 2,2% 5 263,71 5 408,58 5 553,45 5 698,32 5 891,49 6 084,65 6 277,82 6 350,25 6 422,69
305 798,3 2,2% 5 380,99 5 529,09 5 677,19 5 825,29 6 022,76 6 220,23 6 417,70 6 491,75 6 565,80
310 816,1 2,2% 5 500,97 5 652,38 5 803,78 5 955,18 6 157,05 6 358,92 6 560,80 6 636,50 6 712,20
315 834,3 2,2% 5 623,65 5 778,43 5 933,21 6 087,99 6 294,36 6 500,74 6 707,11 6 784,50 6 861,89
320 853,1 2,3% 5 750,38 5 908,64 6 066,91 6 225,18 6 436,20 6 647,22 6 858,25 6 937,38 7 016,51
325 871,7 2,2% 5 875,75 6 037,47 6 199,19 6 360,90 6 576,53 6 792,15 7 007,78 7 088,63 7 169,49
330 890,7 2,2% 6 003,82 6 169,06 6 334,31 6 499,55 6 719,87 6 940,20 7 160,52 7 243,14 7 325,76
340 912,6 2,5% 6 151,44 6 320,74 6 490,05 6 659,36 6 885,10 7 110,84 7 336,58 7 421,23 7 505,88
350 932,9 2,2% 6 288,27 6 461,34 6 634,42 6 807,49 7 038,25 7 269,01 7 499,77 7 586,31 7 672,85
355 954,3 2,3% 6 432,52 6 609,56 6 786,60 6 963,65 7 199,70 7 435,76 7 671,81 7 760,33 7 848,86
360 976,3 2,3% 6 580,81 6 761,94 6 943,06 7 124,18 7 365,68 7 607,18 7 848,68 7 939,24 8 029,80
365 998,7 2,3% 6 731,80 6 917,08 7 102,36 7 287,64 7 534,68 7 781,72 8 028,75 8 121,39 8 214,03
370 1 021,7 2,3% 6 886,83 7 076,38 7 265,93 7 455,47 7 708,20 7 960,93 8 213,66 8 308,43 8 403,20 Ecart
NRTaux de majoration d'anciennetéREMUNERATIONS MENSUELLES BRUTES
AU 1ER JANVIER 2013
(recommandation patronale du 20 novembre 2012)
Echelons d'anciennetéMajoration résidentielle:
Niveau de
rémunératio
nCoefficient
Rémunérations mensuelles au 01-01-2013 (pour salariés). xls - MR 24 - 22/11/2012