=== Page 1 ===

Pôle Parcours Professionnel et Reconnaissance
REMUNERATIONS
MENSUELLES BRUTES
AU 1ER JANVIER 2014
45, rue Kléber – Immeuble Carré Vert - 92309 Levallois-Perret Cedex - Tél.: 01 82 24 89 24SALAIRE NATIONAL DE BASE
500,21 EurosCe barème salarial tient compte:
- de la revalorisation du SNB de 0,3 %, au 1er janvier 2014,
prévue par la recommandation patronale du 6 décembre 2013.
- et de celle des coefficients hiérarchiques prévue par l'accord salarial du 29 janvier 2008.


=== Page 2 ===

25%
9% 12% 15% 18% 22% 26% 30% 31,5% 33%
456789 1 0 1 1 1 2
30 223,3 - 1 521,87 1 563,76 1 605,64 1 647,53 1 703,38 1 759,23 1 815,07 1 836,02 1 856,96
35 227,7 2,0% 1 551,86 1 594,57 1 637,28 1 679,99 1 736,94 1 793,89 1 850,84 1 872,20 1 893,55
40 232,1 1,9% 1 581,85 1 625,38 1 668,92 1 712,46 1 770,51 1 828,56 1 886,60 1 908,37 1 930,14
45 236,7 2,0% 1 613,20 1 657,60 1 702,00 1 746,40 1 805,60 1 864,80 1 924,00 1 946,20 1 968,40
50 241,4 2,0% 1 645,23 1 690,51 1 735,79 1 781,07 1 841,45 1 901,82 1 962,20 1 984,84 2 007,48
55 246,0 1,9% 1 676,58 1 722,72 1 768,87 1 815,01 1 876,54 1 938,06 1 999,59 2 022,66 2 045,73
60 250,8 2,0% 1 709,29 1 756,34 1 803,38 1 850,43 1 913,15 1 975,88 2 038,61 2 062,13 2 085,65
65 255,9 2,0% 1 744,05 1 792,05 1 840,05 1 888,06 1 952,06 2 016,06 2 080,06 2 104,06 2 128,06
70 261,3 2,1% 1 780,85 1 829,87 1 878,88 1 927,90 1 993,25 2 058,60 2 123,95 2 148,46 2 172,97
75 266,1 1,8% 1 813,57 1 863,48 1 913,40 1 963,31 2 029,86 2 096,42 2 162,97 2 187,93 2 212,89
80 271,0 1,8% 1 846,96 1 897,80 1 948,63 1 999,46 2 067,24 2 135,02 2 202,80 2 228,22 2 253,63
85 277,1 2,3% 1 888,54 1 940,51 1 992,49 2 044,47 2 113,77 2 183,08 2 252,38 2 278,37 2 304,36
90 283,5 2,3% 1 932,15 1 985,33 2 038,51 2 091,69 2 162,60 2 233,50 2 304,40 2 330,99 2 357,58
95 289,8 2,2% 1 975,09 2 029,45 2 083,81 2 138,17 2 210,65 2 283,13 2 355,61 2 382,79 2 409,97
100 296,2 2,2% 2 018,71 2 074,27 2 129,83 2 185,39 2 259,47 2 333,55 2 407,64 2 435,42 2 463,20
105 303,1 2,3% 2 065,74 2 122,59 2 179,45 2 236,30 2 312,11 2 387,92 2 463,72 2 492,15 2 520,58
110 310,2 2,3% 2 114,13 2 172,31 2 230,50 2 288,69 2 366,27 2 443,85 2 521,43 2 550,53 2 579,62
115 317,8 2,5% 2 165,92 2 225,53 2 285,15 2 344,76 2 424,24 2 503,73 2 583,21 2 613,02 2 642,82
120 326,5 2,7% 2 225,22 2 286,46 2 347,70 2 408,95 2 490,61 2 572,27 2 653,93 2 684,55 2 715,17
125 334,6 2,5% 2 280,42 2 343,18 2 405,95 2 468,71 2 552,40 2 636,08 2 719,77 2 751,15 2 782,53
130 342,8 2,5% 2 336,31 2 400,61 2 464,91 2 529,21 2 614,95 2 700,68 2 786,42 2 818,57 2 850,72
135 351,3 2,5% 2 394,24 2 460,13 2 526,03 2 591,93 2 679,79 2 767,65 2 855,51 2 888,46 2 921,41
140 360,0 2,5% 2 453,53 2 521,06 2 588,59 2 656,12 2 746,15 2 836,19 2 926,23 2 959,99 2 993,76
145 369,0 2,5% 2 514,87 2 584,08 2 653,30 2 722,52 2 814,81 2 907,10 2 999,38 3 033,99 3 068,60
150 378,1 2,5% 2 576,89 2 647,81 2 718,74 2 789,66 2 884,22 2 978,79 3 073,35 3 108,81 3 144,28
155 387,3 2,4% 2 639,59 2 712,24 2 784,89 2 857,54 2 954,40 3 051,27 3 148,13 3 184,46 3 220,78
160 397,8 2,7% 2 711,15 2 785,77 2 860,39 2 935,01 3 034,50 3 133,99 3 233,48 3 270,79 3 308,10
165 407,4 2,4% 2 776,58 2 853,00 2 929,42 3 005,84 3 107,73 3 209,62 3 311,52 3 349,73 3 387,93
170 417,4 2,5% 2 844,73 2 923,03 3 001,32 3 079,62 3 184,01 3 288,41 3 392,80 3 431,95 3 471,09
175 427,7 2,5% 2 914,93 2 995,16 3 075,38 3 155,61 3 262,58 3 369,55 3 476,52 3 516,64 3 556,75
180 438,3 2,5% 2 987,17 3 069,39 3 151,60 3 233,82 3 343,44 3 453,06 3 562,68 3 603,79 3 644,90
185 449,0 2,4% 3 060,10 3 144,32 3 228,54 3 312,77 3 425,06 3 537,36 3 649,66 3 691,77 3 733,88
190 460,1 2,5% 3 135,75 3 222,05 3 308,36 3 394,66 3 509,74 3 624,81 3 739,88 3 783,04 3 826,19
195 471,5 2,5% 3 213,44 3 301,89 3 390,33 3 478,77 3 596,70 3 714,62 3 832,55 3 876,77 3 920,99
200 483,0 2,4% 3 291,82 3 382,42 3 473,02 3 563,62 3 684,42 3 805,22 3 926,02 3 971,32 4 016,62
205 495,0 2,5% 3 373,60 3 466,46 3 559,31 3 652,16 3 775,96 3 899,76 4 023,56 4 069,99 4 116,42
210 507,3 2,5% 3 457,43 3 552,59 3 647,75 3 742,91 3 869,79 3 996,67 4 123,54 4 171,12 4 218,70
215 519,8 2,5% 3 542,62 3 640,13 3 737,63 3 835,14 3 965,14 4 095,14 4 225,15 4 273,90 4 322,65
220 532,6 2,5% 3 629,86 3 729,77 3 829,67 3 929,57 4 062,78 4 195,99 4 329,19 4 379,14 4 429,10
225 545,8 2,5% 3 719,82 3 822,20 3 924,59 4 026,97 4 163,47 4 299,98 4 436,49 4 487,68 4 538,87
230 559,3 2,5% 3 811,83 3 916,74 4 021,66 4 126,57 4 266,45 4 406,34 4 546,22 4 598,68 4 651,13
235 573,2 2,5% 3 906,57 4 014,09 4 121,61 4 229,13 4 372,49 4 515,85 4 659,21 4 712,97 4 766,73
240 590,3 3,0% 4 023,11 4 133,84 4 244,56 4 355,29 4 502,93 4 650,56 4 798,20 4 853,57 4 908,93
245 604,8 2,5% 4 121,93 4 235,38 4 348,83 4 462,27 4 613,54 4 764,80 4 916,06 4 972,79 5 029,51
250 619,7 2,5% 4 223,48 4 339,72 4 455,96 4 572,21 4 727,20 4 882,19 5 037,18 5 095,30 5 153,42
255 635,1 2,5% 4 328,44 4 447,57 4 566,70 4 685,83 4 844,67 5 003,51 5 162,35 5 221,92 5 281,49
260 650,8 2,5% 4 435,44 4 557,51 4 679,59 4 801,67 4 964,43 5 127,20 5 289,97 5 351,01 5 412,05
265 666,9 2,5% 4 545,16 4 670,26 4 795,36 4 920,45 5 087,25 5 254,04 5 420,84 5 483,39 5 545,93
270 683,3 2,5% 4 656,94 4 785,11 4 913,28 5 041,45 5 212,35 5 383,25 5 554,14 5 618,23 5 682,32
275 700,1 2,5% 4 771,43 4 902,76 5 034,08 5 165,41 5 340,50 5 515,60 5 690,70 5 756,36 5 822,03
280 717,5 2,5% 4 890,02 5 024,61 5 159,20 5 293,78 5 473,24 5 652,69 5 832,14 5 899,43 5 966,72
285 733,7 2,3% 5 000,43 5 138,06 5 275,68 5 413,31 5 596,81 5 780,31 5 963,82 6 032,63 6 101,44
290 750,2 2,2% 5 112,88 5 253,61 5 394,33 5 535,05 5 722,68 5 910,31 6 097,94 6 168,30 6 238,66
295 766,9 2,2% 5 226,70 5 370,55 5 514,41 5 658,26 5 850,07 6 041,87 6 233,68 6 305,61 6 377,53
300 784,0 2,2% 5 343,24 5 490,30 5 637,37 5 784,43 5 980,51 6 176,59 6 372,68 6 446,21 6 519,74
305 801,4 2,2% 5 461,83 5 612,16 5 762,48 5 912,81 6 113,24 6 313,68 6 514,11 6 589,27 6 664,44
310 819,3 2,2% 5 583,83 5 737,51 5 891,19 6 044,88 6 249,79 6 454,70 6 659,61 6 736,45 6 813,29
315 837,6 2,2% 5 708,55 5 865,66 6 022,78 6 179,89 6 389,38 6 598,87 6 808,36 6 886,92 6 965,47
320 856,5 2,3% 5 837,36 5 998,02 6 158,68 6 319,34 6 533,56 6 747,77 6 961,99 7 042,32 7 122,65
325 875,2 2,2% 5 964,80 6 128,97 6 293,14 6 457,31 6 676,20 6 895,09 7 113,99 7 196,07 7 278,16
330 894,2 2,2% 6 094,30 6 262,03 6 429,76 6 597,49 6 821,14 7 044,78 7 268,43 7 352,29 7 436,16
340 916,2 2,5% 6 244,23 6 416,09 6 587,95 6 759,81 6 988,96 7 218,11 7 447,25 7 533,18 7 619,11
350 936,6 2,2% 6 383,27 6 558,95 6 734,64 6 910,33 7 144,57 7 378,82 7 613,07 7 700,91 7 788,76
355 958,1 2,3% 6 529,80 6 709,52 6 889,24 7 068,96 7 308,58 7 548,21 7 787,83 7 877,69 7 967,55
360 980,1 2,3% 6 679,74 6 863,58 7 047,43 7 231,27 7 476,40 7 721,53 7 966,66 8 058,58 8 150,50
365 1 002,7 2,3% 6 833,76 7 021,85 7 209,93 7 398,02 7 648,80 7 899,58 8 150,36 8 244,40 8 338,44
370 1 025,7 2,3% 6 990,52 7 182,92 7 375,32 7 567,71 7 824,25 8 080,78 8 337,31 8 433,51 8 529,71 Ecart
NRTaux de majoration d'anciennetéREMUNERATIONS MENSUELLES BRUTES
AU 1ER JANVIER 2014
Revalorisations du SNB de 0,3% par décision du 6 décembre 2013 et des coefficients hiérarchiques par l'accord du 29 janvier 200 8
Echelons d'anciennetéMajoration résidentielle:
Niveau de
rémunératio
nCoefficient
Rémunérations mensuelles au 01-01-2014 (pour salariés). xls - MR 25 - 17/12/2013

=== Page 3 ===

24,5%
9% 12% 15% 18% 22% 26% 30% 31,5% 33%
456789 1 0 1 1 1 2
30 223,3 - 1 515,78 1 557,50 1 599,22 1 640,94 1 696,56 1 752,19 1 807,81 1 828,67 1 849,53
35 227,7 2,0% 1 545,65 1 588,19 1 630,73 1 673,27 1 729,99 1 786,72 1 843,44 1 864,71 1 885,98
40 232,1 1,9% 1 575,52 1 618,88 1 662,24 1 705,61 1 763,42 1 821,24 1 879,06 1 900,74 1 922,42
45 236,7 2,0% 1 606,74 1 650,97 1 695,19 1 739,41 1 798,37 1 857,34 1 916,30 1 938,41 1 960,52
50 241,4 2,0% 1 638,65 1 683,75 1 728,85 1 773,95 1 834,08 1 894,22 1 954,35 1 976,90 1 999,45
55 246,0 1,9% 1 669,87 1 715,83 1 761,79 1 807,75 1 869,03 1 930,31 1 991,59 2 014,57 2 037,55
60 250,8 2,0% 1 702,46 1 749,31 1 796,17 1 843,03 1 905,50 1 967,98 2 030,45 2 053,88 2 077,31
65 255,9 2,0% 1 737,07 1 784,88 1 832,69 1 880,50 1 944,25 2 007,99 2 071,74 2 095,65 2 119,55
70 261,3 2,1% 1 773,73 1 822,55 1 871,37 1 920,19 1 985,28 2 050,37 2 115,46 2 139,87 2 164,28
75 266,1 1,8% 1 806,31 1 856,03 1 905,74 1 955,46 2 021,75 2 088,03 2 154,32 2 179,18 2 204,03
80 271,0 1,8% 1 839,58 1 890,21 1 940,84 1 991,47 2 058,97 2 126,48 2 193,99 2 219,30 2 244,62
85 277,1 2,3% 1 880,98 1 932,75 1 984,52 2 036,29 2 105,32 2 174,35 2 243,37 2 269,26 2 295,14
90 283,5 2,3% 1 924,43 1 977,39 2 030,36 2 083,32 2 153,95 2 224,57 2 295,19 2 321,67 2 348,15
95 289,8 2,2% 1 967,19 2 021,33 2 075,48 2 129,62 2 201,81 2 274,00 2 346,19 2 373,26 2 400,33
100 296,2 2,2% 2 010,64 2 065,97 2 121,31 2 176,65 2 250,44 2 324,22 2 398,01 2 425,67 2 453,34
105 303,1 2,3% 2 057,47 2 114,10 2 170,73 2 227,36 2 302,86 2 378,36 2 453,87 2 482,18 2 510,49
110 310,2 2,3% 2 105,67 2 163,62 2 221,58 2 279,53 2 356,80 2 434,08 2 511,35 2 540,32 2 569,30
115 317,8 2,5% 2 157,26 2 216,63 2 276,01 2 335,38 2 414,55 2 493,71 2 572,88 2 602,56 2 632,25
120 326,5 2,7% 2 216,31 2 277,31 2 338,31 2 399,31 2 480,65 2 561,98 2 643,31 2 673,81 2 704,31
125 334,6 2,5% 2 271,30 2 333,81 2 396,32 2 458,84 2 542,19 2 625,54 2 708,89 2 740,14 2 771,40
130 342,8 2,5% 2 326,96 2 391,01 2 455,05 2 519,09 2 604,49 2 689,88 2 775,27 2 807,30 2 839,32
135 351,3 2,5% 2 384,66 2 450,29 2 515,93 2 581,56 2 669,07 2 756,58 2 844,09 2 876,91 2 909,72
140 360,0 2,5% 2 443,72 2 510,97 2 578,23 2 645,49 2 735,17 2 824,85 2 914,52 2 948,15 2 981,78
145 369,0 2,5% 2 504,81 2 573,75 2 642,69 2 711,63 2 803,55 2 895,47 2 987,39 3 021,86 3 056,33
150 378,1 2,5% 2 566,58 2 637,22 2 707,86 2 778,50 2 872,69 2 966,87 3 061,06 3 096,38 3 131,70
155 387,3 2,4% 2 629,03 2 701,39 2 773,75 2 846,11 2 942,59 3 039,06 3 135,54 3 171,72 3 207,90
160 397,8 2,7% 2 700,31 2 774,63 2 848,95 2 923,27 3 022,36 3 121,45 3 220,55 3 257,71 3 294,87
165 407,4 2,4% 2 765,47 2 841,59 2 917,70 2 993,81 3 095,30 3 196,78 3 298,27 3 336,33 3 374,38
170 417,4 2,5% 2 833,35 2 911,34 2 989,32 3 067,30 3 171,28 3 275,25 3 379,23 3 418,22 3 457,21
175 427,7 2,5% 2 903,27 2 983,18 3 063,08 3 142,99 3 249,53 3 356,07 3 462,62 3 502,57 3 542,52
180 438,3 2,5% 2 975,22 3 057,11 3 139,00 3 220,88 3 330,07 3 439,25 3 548,43 3 589,38 3 630,32
185 449,0 2,4% 3 047,86 3 131,74 3 215,63 3 299,51 3 411,36 3 523,21 3 635,06 3 677,00 3 718,94
190 460,1 2,5% 3 123,20 3 209,16 3 295,12 3 381,08 3 495,70 3 610,31 3 724,92 3 767,90 3 810,88
195 471,5 2,5% 3 200,59 3 288,68 3 376,77 3 464,86 3 582,31 3 699,76 3 817,22 3 861,26 3 905,31
200 483,0 2,4% 3 278,65 3 368,89 3 459,13 3 549,37 3 669,68 3 790,00 3 910,32 3 955,44 4 000,56
205 495,0 2,5% 3 360,11 3 452,59 3 545,07 3 637,55 3 760,86 3 884,16 4 007,47 4 053,71 4 099,95
210 507,3 2,5% 3 443,60 3 538,38 3 633,16 3 727,94 3 854,31 3 980,68 4 107,05 4 154,44 4 201,83
215 519,8 2,5% 3 528,45 3 625,57 3 722,68 3 819,79 3 949,28 4 078,76 4 208,25 4 256,80 4 305,36
220 532,6 2,5% 3 615,34 3 714,85 3 814,35 3 913,86 4 046,53 4 179,20 4 311,88 4 361,63 4 411,38
225 545,8 2,5% 3 704,94 3 806,92 3 908,89 4 010,86 4 146,82 4 282,78 4 418,74 4 469,73 4 520,71
230 559,3 2,5% 3 796,58 3 901,08 4 005,57 4 110,06 4 249,39 4 388,71 4 528,04 4 580,28 4 632,53
235 573,2 2,5% 3 890,94 3 998,03 4 105,12 4 212,21 4 355,00 4 497,78 4 640,57 4 694,11 4 747,66
240 590,3 3,0% 4 007,02 4 117,30 4 227,58 4 337,87 4 484,92 4 631,96 4 779,01 4 834,15 4 889,29
245 604,8 2,5% 4 105,44 4 218,44 4 331,43 4 444,42 4 595,08 4 745,74 4 896,40 4 952,90 5 009,39
250 619,7 2,5% 4 206,59 4 322,36 4 438,14 4 553,92 4 708,29 4 862,66 5 017,03 5 074,92 5 132,81
255 635,1 2,5% 4 311,12 4 429,78 4 548,43 4 667,09 4 825,29 4 983,50 5 141,71 5 201,03 5 260,36
260 650,8 2,5% 4 417,70 4 539,28 4 660,87 4 782,46 4 944,58 5 106,69 5 268,81 5 329,60 5 390,40
265 666,9 2,5% 4 526,98 4 651,58 4 776,18 4 900,77 5 066,90 5 233,03 5 399,15 5 461,45 5 523,75
270 683,3 2,5% 4 638,31 4 765,97 4 893,63 5 021,29 5 191,50 5 361,71 5 531,93 5 595,76 5 659,59
275 700,1 2,5% 4 752,35 4 883,15 5 013,95 5 144,74 5 319,14 5 493,54 5 667,94 5 733,34 5 798,74
280 717,5 2,5% 4 870,46 5 004,51 5 138,56 5 272,61 5 451,34 5 630,07 5 808,81 5 875,83 5 942,86
285 733,7 2,3% 4 980,43 5 117,50 5 254,58 5 391,66 5 574,42 5 757,19 5 939,96 6 008,50 6 077,04
290 750,2 2,2% 5 092,43 5 232,59 5 372,75 5 512,91 5 699,79 5 886,67 6 073,54 6 143,62 6 213,70
295 766,9 2,2% 5 205,79 5 349,07 5 492,35 5 635,63 5 826,67 6 017,71 6 208,74 6 280,38 6 352,02
300 784,0 2,2% 5 321,87 5 468,34 5 614,82 5 761,29 5 956,59 6 151,89 6 347,18 6 420,42 6 493,66
305 801,4 2,2% 5 439,98 5 589,71 5 739,43 5 889,16 6 088,79 6 288,42 6 488,05 6 562,92 6 637,78
310 819,3 2,2% 5 561,49 5 714,56 5 867,63 6 020,70 6 224,79 6 428,88 6 632,97 6 709,50 6 786,04
315 837,6 2,2% 5 685,71 5 842,20 5 998,69 6 155,17 6 363,82 6 572,47 6 781,12 6 859,37 6 937,61
320 856,5 2,3% 5 814,01 5 974,03 6 134,04 6 294,06 6 507,42 6 720,78 6 934,14 7 014,15 7 094,16
325 875,2 2,2% 5 940,94 6 104,46 6 267,97 6 431,48 6 649,50 6 867,51 7 085,53 7 167,29 7 249,04
330 894,2 2,2% 6 069,92 6 236,98 6 404,04 6 571,10 6 793,85 7 016,60 7 239,35 7 322,88 7 406,41
340 916,2 2,5% 6 219,26 6 390,43 6 561,60 6 732,77 6 961,00 7 189,23 7 417,46 7 503,05 7 588,63
350 936,6 2,2% 6 357,73 6 532,72 6 707,70 6 882,68 7 116,00 7 349,31 7 582,62 7 670,11 7 757,60
355 958,1 2,3% 6 503,68 6 682,68 6 861,68 7 040,68 7 279,35 7 518,01 7 756,68 7 846,18 7 935,68
360 980,1 2,3% 6 653,02 6 836,13 7 019,24 7 202,35 7 446,50 7 690,64 7 934,79 8 026,35 8 117,90
365 1 002,7 2,3% 6 806,43 6 993,76 7 181,09 7 368,43 7 618,20 7 867,98 8 117,76 8 211,42 8 305,09
370 1 025,7 2,3% 6 962,55 7 154,18 7 345,81 7 537,44 7 792,95 8 048,46 8 303,96 8 399,78 8 495,59 Ecart
NRTaux de majoration d'anciennetéREMUNERATIONS MENSUELLES BRUTES
AU 1ER JANVIER 2014
Revalorisations du SNB de 0,3% par décision du 6 décembre 2013 et des coefficients hiérarchiques par l'accord du 29 janvier 200 8
Echelons d'anciennetéMajoration résidentielle:
Niveau de
rémunératio
nCoefficient
Rémunérations mensuelles au 01-01-2014 (pour salariés). xls - MR 24,5 - 17/12/2013

=== Page 4 ===

24%
9% 12% 15% 18% 22% 26% 30% 31,5% 33%
456789 1 0 1 1 1 2
30 223,3 - 1 509,70 1 551,25 1 592,80 1 634,35 1 689,75 1 745,15 1 800,55 1 821,33 1 842,11
35 227,7 2,0% 1 539,44 1 581,81 1 624,18 1 666,55 1 723,05 1 779,54 1 836,03 1 857,22 1 878,40
40 232,1 1,9% 1 569,19 1 612,38 1 655,57 1 698,76 1 756,34 1 813,93 1 871,51 1 893,11 1 914,70
45 236,7 2,0% 1 600,29 1 644,34 1 688,38 1 732,42 1 791,15 1 849,88 1 908,60 1 930,63 1 952,65
50 241,4 2,0% 1 632,07 1 676,99 1 721,90 1 766,82 1 826,72 1 886,61 1 946,50 1 968,96 1 991,42
55 246,0 1,9% 1 663,17 1 708,94 1 754,72 1 800,49 1 861,53 1 922,56 1 983,59 2 006,48 2 029,37
60 250,8 2,0% 1 695,62 1 742,29 1 788,96 1 835,62 1 897,85 1 960,07 2 022,30 2 045,63 2 068,97
65 255,9 2,0% 1 730,10 1 777,72 1 825,33 1 872,95 1 936,44 1 999,93 2 063,42 2 087,23 2 111,04
70 261,3 2,1% 1 766,61 1 815,23 1 863,85 1 912,47 1 977,30 2 042,13 2 106,96 2 131,27 2 155,58
75 266,1 1,8% 1 799,06 1 848,57 1 898,09 1 947,61 2 013,63 2 079,65 2 145,67 2 170,42 2 195,18
80 271,0 1,8% 1 832,19 1 882,61 1 933,04 1 983,47 2 050,70 2 117,94 2 185,18 2 210,39 2 235,60
85 277,1 2,3% 1 873,43 1 924,99 1 976,55 2 028,12 2 096,86 2 165,61 2 234,36 2 260,15 2 285,93
90 283,5 2,3% 1 916,70 1 969,45 2 022,20 2 074,96 2 145,29 2 215,63 2 285,97 2 312,35 2 338,72
95 289,8 2,2% 1 959,29 2 013,22 2 067,14 2 121,07 2 192,97 2 264,87 2 336,77 2 363,73 2 390,69
100 296,2 2,2% 2 002,56 2 057,68 2 112,79 2 167,91 2 241,40 2 314,89 2 388,37 2 415,93 2 443,49
105 303,1 2,3% 2 049,21 2 105,61 2 162,01 2 218,41 2 293,61 2 368,81 2 444,01 2 472,21 2 500,41
110 310,2 2,3% 2 097,21 2 154,93 2 212,65 2 270,38 2 347,34 2 424,30 2 501,26 2 530,12 2 558,98
115 317,8 2,5% 2 148,59 2 207,73 2 266,87 2 326,00 2 404,85 2 483,70 2 562,54 2 592,11 2 621,68
120 326,5 2,7% 2 207,41 2 268,17 2 328,92 2 389,68 2 470,68 2 551,69 2 632,70 2 663,07 2 693,45
125 334,6 2,5% 2 262,18 2 324,44 2 386,70 2 448,96 2 531,98 2 614,99 2 698,01 2 729,14 2 760,27
130 342,8 2,5% 2 317,62 2 381,40 2 445,19 2 508,98 2 594,03 2 679,08 2 764,13 2 796,02 2 827,92
135 351,3 2,5% 2 375,08 2 440,45 2 505,82 2 571,19 2 658,35 2 745,51 2 832,67 2 865,35 2 898,04
140 360,0 2,5% 2 433,90 2 500,89 2 567,88 2 634,87 2 724,18 2 813,50 2 902,82 2 936,31 2 969,81
145 369,0 2,5% 2 494,75 2 563,41 2 632,08 2 700,74 2 792,29 2 883,84 2 975,39 3 009,72 3 044,05
150 378,1 2,5% 2 556,27 2 626,63 2 696,99 2 767,34 2 861,15 2 954,96 3 048,77 3 083,94 3 119,12
155 387,3 2,4% 2 618,47 2 690,54 2 762,61 2 834,68 2 930,77 3 026,86 3 122,95 3 158,98 3 195,02
160 397,8 2,7% 2 689,46 2 763,48 2 837,51 2 911,53 3 010,22 3 108,92 3 207,61 3 244,63 3 281,64
165 407,4 2,4% 2 754,37 2 830,17 2 905,98 2 981,79 3 082,87 3 183,95 3 285,02 3 322,93 3 360,83
170 417,4 2,5% 2 821,97 2 899,64 2 977,31 3 054,98 3 158,54 3 262,10 3 365,66 3 404,49 3 443,33
175 427,7 2,5% 2 891,61 2 971,20 3 050,78 3 130,37 3 236,48 3 342,60 3 448,71 3 488,50 3 528,30
180 438,3 2,5% 2 963,28 3 044,83 3 126,39 3 207,95 3 316,69 3 425,44 3 534,18 3 574,96 3 615,74
185 449,0 2,4% 3 035,62 3 119,17 3 202,71 3 286,26 3 397,66 3 509,06 3 620,46 3 662,23 3 704,01
190 460,1 2,5% 3 110,66 3 196,28 3 281,89 3 367,51 3 481,66 3 595,81 3 709,96 3 752,77 3 795,58
195 471,5 2,5% 3 187,74 3 275,47 3 363,21 3 450,94 3 567,92 3 684,91 3 801,89 3 845,75 3 889,62
200 483,0 2,4% 3 265,48 3 355,36 3 445,24 3 535,11 3 654,95 3 774,78 3 894,62 3 939,55 3 984,49
205 495,0 2,5% 3 346,61 3 438,72 3 530,83 3 622,94 3 745,75 3 868,56 3 991,38 4 037,43 4 083,48
210 507,3 2,5% 3 429,77 3 524,17 3 618,57 3 712,97 3 838,83 3 964,69 4 090,56 4 137,75 4 184,95
215 519,8 2,5% 3 514,28 3 611,01 3 707,73 3 804,45 3 933,42 4 062,38 4 191,35 4 239,71 4 288,07
220 532,6 2,5% 3 600,82 3 699,93 3 799,03 3 898,14 4 030,28 4 162,42 4 294,56 4 344,11 4 393,66
225 545,8 2,5% 3 690,07 3 791,63 3 893,19 3 994,75 4 130,17 4 265,58 4 401,00 4 451,78 4 502,56
230 559,3 2,5% 3 781,34 3 885,41 3 989,48 4 093,56 4 232,32 4 371,09 4 509,85 4 561,89 4 613,92
235 573,2 2,5% 3 875,31 3 981,97 4 088,63 4 195,29 4 337,51 4 479,72 4 621,93 4 675,26 4 728,59
240 590,3 3,0% 3 990,92 4 100,76 4 210,61 4 320,45 4 466,90 4 613,36 4 759,82 4 814,74 4 869,66
245 604,8 2,5% 4 088,96 4 201,50 4 314,04 4 426,58 4 576,63 4 726,68 4 876,74 4 933,01 4 989,28
250 619,7 2,5% 4 189,69 4 305,00 4 420,32 4 535,63 4 689,38 4 843,13 4 996,88 5 054,54 5 112,19
255 635,1 2,5% 4 293,81 4 411,99 4 530,16 4 648,34 4 805,91 4 963,48 5 121,06 5 180,15 5 239,23
260 650,8 2,5% 4 399,95 4 521,05 4 642,15 4 763,25 4 924,72 5 086,18 5 247,65 5 308,20 5 368,75
265 666,9 2,5% 4 508,80 4 632,90 4 756,99 4 881,09 5 046,55 5 212,01 5 377,47 5 439,52 5 501,57
270 683,3 2,5% 4 619,68 4 746,83 4 873,98 5 001,12 5 170,65 5 340,18 5 509,71 5 573,28 5 636,86
275 700,1 2,5% 4 733,26 4 863,54 4 993,81 5 124,08 5 297,78 5 471,48 5 645,18 5 710,31 5 775,45
280 717,5 2,5% 4 850,90 4 984,41 5 117,92 5 251,43 5 429,45 5 607,46 5 785,48 5 852,23 5 918,99
285 733,7 2,3% 4 960,43 5 096,95 5 233,48 5 370,00 5 552,04 5 734,07 5 916,11 5 984,37 6 052,63
290 750,2 2,2% 5 071,98 5 211,58 5 351,17 5 490,77 5 676,90 5 863,02 6 049,15 6 118,95 6 188,75
295 766,9 2,2% 5 184,89 5 327,59 5 470,29 5 613,00 5 803,27 5 993,54 6 183,81 6 255,16 6 326,51
300 784,0 2,2% 5 300,50 5 446,38 5 592,27 5 738,15 5 932,67 6 127,18 6 321,69 6 394,64 6 467,58
305 801,4 2,2% 5 418,14 5 567,26 5 716,38 5 865,50 6 064,34 6 263,17 6 462,00 6 536,56 6 611,12
310 819,3 2,2% 5 539,15 5 691,61 5 844,06 5 996,52 6 199,79 6 403,06 6 606,33 6 682,56 6 758,79
315 837,6 2,2% 5 662,88 5 818,74 5 974,60 6 130,46 6 338,27 6 546,08 6 753,89 6 831,82 6 909,75
320 856,5 2,3% 5 790,66 5 950,03 6 109,41 6 268,79 6 481,29 6 693,79 6 906,29 6 985,98 7 065,67
325 875,2 2,2% 5 917,09 6 079,94 6 242,80 6 405,65 6 622,79 6 839,93 7 057,07 7 138,50 7 219,93
330 894,2 2,2% 6 045,54 6 211,93 6 378,32 6 544,71 6 766,57 6 988,42 7 210,28 7 293,47 7 376,67
340 916,2 2,5% 6 194,28 6 364,76 6 535,25 6 705,73 6 933,05 7 160,36 7 387,67 7 472,92 7 558,16
350 936,6 2,2% 6 332,20 6 506,48 6 680,76 6 855,04 7 087,42 7 319,79 7 552,17 7 639,31 7 726,45
355 958,1 2,3% 6 477,56 6 655,84 6 834,12 7 012,40 7 250,11 7 487,82 7 725,53 7 814,67 7 903,81
360 980,1 2,3% 6 626,30 6 808,67 6 991,05 7 173,42 7 416,59 7 659,76 7 902,92 7 994,11 8 085,30
365 1 002,7 2,3% 6 779,09 6 965,67 7 152,25 7 338,83 7 587,61 7 836,38 8 085,16 8 178,45 8 271,74
370 1 025,7 2,3% 6 934,59 7 125,45 7 316,31 7 507,17 7 761,65 8 016,13 8 270,61 8 366,04 8 461,47 Ecart
NRTaux de majoration d'anciennetéREMUNERATIONS MENSUELLES BRUTES
AU 1ER JANVIER 2014
Revalorisations du SNB de 0,3% par décision du 6 décembre 2013 et des coefficients hiérarchiques par l'accord du 29 janvier 200 8
Echelons d'anciennetéMajoration résidentielle:
Niveau de
rémunératio
nCoefficient
Rémunérations mensuelles au 01-01-2014 (pour salariés). xls - MR 24 - 17/12/2013