=== Page 1 ===

Pôle Parcours Professionnel et Reconnaissance
Ce barème salarial tient compte des revalorisations
du SNB de 0,3%, au 1er octobre 2011 et de 1,3% au 1er janvier 2012,
prévues par l'accord de Branche et de la revalorisation
des coefficients hiérarchiques prévue par l'accord salarial du 29 janvier 2008.
45, rue Kléber – Immeuble Carré Vert - 92309 Levallois-Perret Cedex - Tél.: 01 82 24 89 24SALAIRE NATIONAL DE BASE
494,75 EurosREMUNERATIONS
MENSUELLES BRUTES
AU 1ER JANVIER 2012
(accord de branche du 24 novembre 2011)


=== Page 2 ===

Rémunérations mensuelles au 01-01-2012 (pour salariés). xls - MR 25 - 30/11/201125%
9% 12% 15% 18% 22% 26% 30% 31,5% 33%
4 5 6 7 8 9 10 11 12
30 222,9 - 1 502,56 1 543,92 1 585,27 1 626,63 1 681,77 1 736,91 1 792,05 1 812,72 1 833,40
35 227,2 1,9% 1 531,55 1 573,70 1 615,85 1 658,01 1 714,21 1 770,41 1 826,62 1 847,69 1 868,77
40 231,6 1,9% 1 561,21 1 604,18 1 647,15 1 690,12 1 747,41 1 804,70 1 861,99 1 883,48 1 904,96
45 236,3 2,0% 1 592,89 1 636,73 1 680,57 1 724,41 1 782,87 1 841,32 1 899,78 1 921,70 1 943,62
50 240,9 1,9% 1 623,90 1 668,59 1 713,29 1 757,98 1 817,58 1 877,17 1 936,76 1 959,11 1 981,46
55 245,5 1,9% 1 654,91 1 700,46 1 746,00 1 791,55 1 852,28 1 913,01 1 973,74 1 996,52 2 019,29
60 250,3 2,0% 1 687,26 1 733,70 1 780,14 1 826,58 1 888,50 1 950,42 2 012,33 2 035,55 2 058,77
65 255,4 2,0% 1 721,64 1 769,03 1 816,41 1 863,80 1 926,98 1 990,16 2 053,34 2 077,03 2 100,72
70 260,8 2,1% 1 758,04 1 806,43 1 854,82 1 903,20 1 967,72 2 032,24 2 096,75 2 120,94 2 145,14
75 265,6 1,8% 1 790,40 1 839,68 1 888,96 1 938,23 2 003,94 2 069,64 2 135,34 2 159,98 2 184,62
80 270,4 1,8% 1 822,76 1 872,93 1 923,09 1 973,26 2 040,15 2 107,04 2 173,93 2 199,02 2 224,10
85 276,6 2,3% 1 864,55 1 915,87 1 967,19 2 018,51 2 086,93 2 155,35 2 223,78 2 249,44 2 275,10
90 282,9 2,3% 1 907,02 1 959,51 2 011,99 2 064,48 2 134,46 2 204,45 2 274,43 2 300,67 2 326,91
95 289,2 2,2% 1 949,49 2 003,14 2 056,80 2 110,46 2 182,00 2 253,54 2 325,08 2 351,91 2 378,73
100 295,6 2,2% 1 992,63 2 047,47 2 102,32 2 157,16 2 230,28 2 303,41 2 376,53 2 403,95 2 431,37
105 302,5 2,3% 2 039,14 2 095,27 2 151,39 2 207,51 2 282,34 2 357,17 2 432,01 2 460,07 2 488,13
110 309,6 2,3% 2 087,00 2 144,44 2 201,88 2 259,33 2 335,91 2 412,50 2 489,09 2 517,81 2 546,53
115 317,2 2,5% 2 138,24 2 197,09 2 255,94 2 314,79 2 393,25 2 471,72 2 550,19 2 579,61 2 609,04
120 325,7 2,7% 2 195,53 2 255,96 2 316,39 2 376,82 2 457,39 2 537,96 2 618,53 2 648,74 2 678,95
125 333,8 2,5% 2 250,14 2 312,07 2 374,00 2 435,93 2 518,50 2 601,07 2 683,65 2 714,61 2 745,58
130 342,0 2,5% 2 305,41 2 368,86 2 432,31 2 495,77 2 580,37 2 664,97 2 749,57 2 781,30 2 813,02
135 350,5 2,5% 2 362,71 2 427,74 2 492,77 2 557,80 2 644,50 2 731,21 2 817,91 2 850,42 2 882,94
140 359,2 2,5% 2 421,36 2 488,00 2 554,64 2 621,28 2 710,14 2 799,00 2 887,86 2 921,18 2 954,50
145 368,0 2,4% 2 480,68 2 548,95 2 617,23 2 685,50 2 776,54 2 867,57 2 958,61 2 992,74 3 026,88
150 377,1 2,5% 2 542,02 2 611,98 2 681,95 2 751,91 2 845,20 2 938,48 3 031,77 3 066,75 3 101,73
155 386,3 2,4% 2 604,04 2 675,71 2 747,38 2 819,05 2 914,61 3 010,17 3 105,73 3 141,57 3 177,40
160 396,6 2,7% 2 673,47 2 747,05 2 820,63 2 894,21 2 992,32 3 090,43 3 188,54 3 225,33 3 262,12
165 406,2 2,4% 2 738,18 2 813,54 2 888,91 2 964,27 3 064,75 3 165,24 3 265,72 3 303,40 3 341,08
170 416,1 2,4% 2 804,92 2 882,12 2 959,32 3 036,52 3 139,45 3 242,38 3 345,31 3 383,91 3 422,51
175 426,5 2,5% 2 875,02 2 954,15 3 033,28 3 112,41 3 217,92 3 323,42 3 428,93 3 468,49 3 508,06
180 437,0 2,5% 2 945,80 3 026,88 3 107,96 3 189,03 3 297,14 3 405,24 3 513,34 3 553,88 3 594,42
185 447,7 2,4% 3 017,93 3 100,99 3 184,06 3 267,12 3 377,87 3 488,62 3 599,37 3 640,90 3 682,43
190 458,7 2,5% 3 092,08 3 177,19 3 262,29 3 347,39 3 460,86 3 574,33 3 687,80 3 730,36 3 772,91
195 470,1 2,5% 3 168,93 3 256,15 3 343,37 3 430,58 3 546,88 3 663,17 3 779,46 3 823,07 3 866,68
200 481,6 2,4% 3 246,45 3 335,80 3 425,15 3 514,51 3 633,64 3 752,78 3 871,91 3 916,59 3 961,27
205 493,6 2,5% 3 327,34 3 418,92 3 510,50 3 602,08 3 724,18 3 846,29 3 968,39 4 014,18 4 059,97
210 505,8 2,5% 3 409,58 3 503,42 3 597,27 3 691,11 3 816,23 3 941,35 4 066,47 4 113,39 4 160,32
215 518,2 2,5% 3 493,17 3 589,31 3 685,45 3 781,60 3 909,79 4 037,98 4 166,17 4 214,24 4 262,31
220 531,0 2,5% 3 579,45 3 677,97 3 776,49 3 875,01 4 006,36 4 137,72 4 269,07 4 318,33 4 367,59
225 544,2 2,5% 3 668,44 3 769,40 3 870,37 3 971,33 4 105,95 4 240,58 4 375,20 4 425,68 4 476,16
230 557,6 2,5% 3 758,76 3 862,22 3 965,67 4 069,12 4 207,06 4 344,99 4 482,93 4 534,66 4 586,38
235 571,5 2,5% 3 852,46 3 958,49 4 064,53 4 170,56 4 311,93 4 453,31 4 594,68 4 647,70 4 700,71
240 588,0 2,9% 3 963,69 4 072,78 4 181,87 4 290,97 4 436,42 4 581,88 4 727,34 4 781,88 4 836,43
245 602,4 2,4% 4 060,76 4 172,52 4 284,29 4 396,05 4 545,07 4 694,09 4 843,11 4 898,99 4 954,87
250 617,2 2,5% 4 160,53 4 275,04 4 389,55 4 504,06 4 656,74 4 809,42 4 962,10 5 019,35 5 076,61
255 632,6 2,5% 4 264,34 4 381,70 4 499,07 4 616,44 4 772,93 4 929,42 5 085,91 5 144,59 5 203,27
260 648,2 2,5% 4 369,50 4 489,76 4 610,02 4 730,28 4 890,63 5 050,98 5 211,33 5 271,46 5 331,59
265 664,3 2,5% 4 478,03 4 601,27 4 724,52 4 847,77 5 012,10 5 176,43 5 340,76 5 402,39 5 464,01
270 680,6 2,5% 4 587,90 4 714,18 4 840,45 4 966,72 5 135,08 5 303,45 5 471,81 5 534,95 5 598,08
275 697,4 2,5% 4 701,15 4 830,54 4 959,93 5 089,32 5 261,84 5 434,36 5 606,88 5 671,57 5 736,27
280 714,7 2,5% 4 817,77 4 950,37 5 082,97 5 215,57 5 392,37 5 569,17 5 745,96 5 812,26 5 878,56
285 730,8 2,3% 4 926,30 5 061,89 5 197,47 5 333,06 5 513,84 5 694,62 5 875,40 5 943,20 6 010,99
290 747,3 2,3% 5 037,53 5 176,17 5 314,82 5 453,47 5 638,33 5 823,20 6 008,06 6 077,38 6 146,71
295 763,9 2,2% 5 149,43 5 291,15 5 432,88 5 574,61 5 763,58 5 952,55 6 141,52 6 212,38 6 283,24
300 780,9 2,2% 5 264,02 5 408,90 5 553,79 5 698,67 5 891,84 6 085,02 6 278,19 6 350,63 6 423,07
305 798,3 2,2% 5 381,32 5 529,42 5 677,53 5 825,64 6 023,12 6 220,60 6 418,08 6 492,14 6 566,19
310 816,1 2,2% 5 501,30 5 652,72 5 804,13 5 955,54 6 157,42 6 359,31 6 561,19 6 636,89 6 712,60
315 834,3 2,2% 5 623,99 5 778,78 5 933,57 6 088,36 6 294,74 6 501,13 6 707,51 6 784,91 6 862,30
320 853,1 2,3% 5 750,72 5 909,00 6 067,27 6 225,55 6 436,59 6 647,62 6 858,66 6 937,80 7 016,93
325 871,7 2,2% 5 876,10 6 037,83 6 199,56 6 361,29 6 576,92 6 792,56 7 008,20 7 089,06 7 169,92
330 890,7 2,2% 6 004,18 6 169,43 6 334,69 6 499,94 6 720,28 6 940,61 7 160,95 7 243,58 7 326,20
340 912,6 2,5% 6 151,81 6 321,12 6 490,44 6 659,76 6 885,51 7 111,26 7 337,02 7 421,68 7 506,33
350 932,9 2,2% 6 288,65 6 461,73 6 634,81 6 807,90 7 038,67 7 269,45 7 500,22 7 586,77 7 673,31
355 954,3 2,3% 6 432,91 6 609,96 6 787,01 6 964,06 7 200,13 7 436,20 7 672,27 7 760,80 7 849,33
360 976,3 2,3% 6 581,21 6 762,34 6 943,48 7 124,61 7 366,12 7 607,63 7 849,15 7 939,71 8 030,28
365 998,7 2,3% 6 732,21 6 917,50 7 102,79 7 288,08 7 535,13 7 782,18 8 029,24 8 121,88 8 214,53
370 1 021,7 2,3% 6 887,25 7 076,81 7 266,36 7 455,92 7 708,66 7 961,41 8 214,15 8 308,93 8 403,71 Ecart
NRTaux de majoration d'anciennetéREMUNERATIONS MENSUELLES BRUTES
AU 1ER JANVIER 2012
(accord de branche du 24 novembre 2011)
Echelons d'anciennetéMajoration résidentielle:
Niveau de
rémunératio
nCoefficient

=== Page 3 ===

Rémunérations mensuelles au 01-01-2012 (pour salariés). xls - MR 24,5 - 30/11/201124,5%
9% 12% 15% 18% 22% 26% 30% 31,5% 33%
4 5 6 7 8 9 10 11 12
30 222,9 - 1 496,55 1 537,74 1 578,93 1 620,12 1 675,04 1 729,96 1 784,88 1 805,47 1 826,07
35 227,2 1,9% 1 525,42 1 567,41 1 609,39 1 651,37 1 707,35 1 763,33 1 819,31 1 840,30 1 861,29
40 231,6 1,9% 1 554,96 1 597,76 1 640,56 1 683,36 1 740,42 1 797,48 1 854,54 1 875,94 1 897,34
45 236,3 2,0% 1 586,52 1 630,19 1 673,85 1 717,52 1 775,74 1 833,96 1 892,18 1 914,01 1 935,84
50 240,9 1,9% 1 617,40 1 661,92 1 706,44 1 750,95 1 810,31 1 869,66 1 929,01 1 951,27 1 973,53
55 245,5 1,9% 1 648,29 1 693,65 1 739,02 1 784,39 1 844,87 1 905,36 1 965,85 1 988,53 2 011,21
60 250,3 2,0% 1 680,52 1 726,77 1 773,02 1 819,27 1 880,94 1 942,61 2 004,28 2 027,41 2 050,54
65 255,4 2,0% 1 714,76 1 761,95 1 809,15 1 856,34 1 919,27 1 982,20 2 045,12 2 068,72 2 092,32
70 260,8 2,1% 1 751,01 1 799,21 1 847,40 1 895,59 1 959,85 2 024,11 2 088,36 2 112,46 2 136,56
75 265,6 1,8% 1 783,24 1 832,32 1 881,40 1 930,48 1 995,92 2 061,36 2 126,80 2 151,34 2 175,88
80 270,4 1,8% 1 815,47 1 865,43 1 915,40 1 965,37 2 031,99 2 098,61 2 165,24 2 190,22 2 215,20
85 276,6 2,3% 1 857,09 1 908,21 1 959,32 2 010,43 2 078,58 2 146,73 2 214,88 2 240,44 2 266,00
90 282,9 2,3% 1 899,39 1 951,67 2 003,95 2 056,22 2 125,92 2 195,63 2 265,33 2 291,47 2 317,61
95 289,2 2,2% 1 941,69 1 995,13 2 048,57 2 102,01 2 173,27 2 244,52 2 315,78 2 342,50 2 369,22
100 295,6 2,2% 1 984,66 2 039,28 2 093,91 2 148,53 2 221,36 2 294,19 2 367,03 2 394,34 2 421,65
105 302,5 2,3% 2 030,99 2 086,89 2 142,78 2 198,68 2 273,21 2 347,75 2 422,28 2 450,23 2 478,18
110 309,6 2,3% 2 078,66 2 135,87 2 193,08 2 250,29 2 326,57 2 402,85 2 479,13 2 507,74 2 536,34
115 317,2 2,5% 2 129,68 2 188,30 2 246,91 2 305,53 2 383,68 2 461,83 2 539,99 2 569,30 2 598,60
120 325,7 2,7% 2 186,75 2 246,94 2 307,12 2 367,31 2 447,56 2 527,80 2 608,05 2 638,15 2 668,24
125 333,8 2,5% 2 241,13 2 302,82 2 364,50 2 426,18 2 508,43 2 590,67 2 672,91 2 703,75 2 734,60
130 342,0 2,5% 2 296,19 2 359,39 2 422,59 2 485,78 2 570,05 2 654,31 2 738,57 2 770,17 2 801,77
135 350,5 2,5% 2 353,26 2 418,03 2 482,80 2 547,56 2 633,92 2 720,28 2 806,64 2 839,02 2 871,41
140 359,2 2,5% 2 411,67 2 478,05 2 544,42 2 610,80 2 699,30 2 787,80 2 876,30 2 909,49 2 942,68
145 368,0 2,4% 2 470,75 2 538,76 2 606,76 2 674,76 2 765,43 2 856,10 2 946,77 2 980,77 3 014,77
150 377,1 2,5% 2 531,85 2 601,54 2 671,22 2 740,90 2 833,82 2 926,73 3 019,64 3 054,48 3 089,32
155 386,3 2,4% 2 593,62 2 665,00 2 736,39 2 807,77 2 902,95 2 998,13 3 093,31 3 129,00 3 164,69
160 396,6 2,7% 2 662,77 2 736,06 2 809,35 2 882,64 2 980,35 3 078,07 3 175,79 3 212,43 3 249,07
165 406,2 2,4% 2 727,23 2 802,29 2 877,35 2 952,41 3 052,49 3 152,58 3 252,66 3 290,19 3 327,72
170 416,1 2,4% 2 793,70 2 870,59 2 947,48 3 024,37 3 126,89 3 229,41 3 331,93 3 370,38 3 408,82
175 426,5 2,5% 2 863,52 2 942,34 3 021,15 3 099,96 3 205,04 3 310,13 3 415,21 3 454,62 3 494,02
180 437,0 2,5% 2 934,02 3 014,77 3 095,53 3 176,28 3 283,95 3 391,62 3 499,29 3 539,67 3 580,04
185 447,7 2,4% 3 005,86 3 088,59 3 171,32 3 254,05 3 364,36 3 474,66 3 584,97 3 626,34 3 667,70
190 458,7 2,5% 3 079,71 3 164,48 3 249,24 3 334,00 3 447,02 3 560,04 3 673,05 3 715,43 3 757,82
195 470,1 2,5% 3 156,25 3 243,12 3 329,99 3 416,86 3 532,69 3 648,51 3 764,34 3 807,77 3 851,21
200 481,6 2,4% 3 233,46 3 322,46 3 411,45 3 500,45 3 619,11 3 737,77 3 856,43 3 900,92 3 945,42
205 493,6 2,5% 3 314,03 3 405,24 3 496,46 3 587,67 3 709,28 3 830,90 3 952,52 3 998,12 4 043,73
210 505,8 2,5% 3 395,94 3 489,41 3 582,88 3 676,34 3 800,96 3 925,59 4 050,21 4 096,94 4 143,67
215 518,2 2,5% 3 479,20 3 574,96 3 670,71 3 766,47 3 894,15 4 021,82 4 149,50 4 197,38 4 245,26
220 531,0 2,5% 3 565,14 3 663,26 3 761,38 3 859,51 3 990,34 4 121,17 4 252,00 4 301,06 4 350,12
225 544,2 2,5% 3 653,76 3 754,32 3 854,89 3 955,45 4 089,53 4 223,61 4 357,70 4 407,98 4 458,26
230 557,6 2,5% 3 743,73 3 846,77 3 949,81 4 052,84 4 190,23 4 327,61 4 465,00 4 516,52 4 568,04
235 571,5 2,5% 3 837,05 3 942,66 4 048,27 4 153,87 4 294,68 4 435,49 4 576,30 4 629,11 4 681,91
240 588,0 2,9% 3 947,83 4 056,49 4 165,15 4 273,80 4 418,68 4 563,55 4 708,43 4 762,75 4 817,08
245 602,4 2,4% 4 044,52 4 155,83 4 267,15 4 378,47 4 526,89 4 675,31 4 823,74 4 879,39 4 935,05
250 617,2 2,5% 4 143,88 4 257,94 4 371,99 4 486,04 4 638,11 4 790,18 4 942,25 4 999,27 5 056,30
255 632,6 2,5% 4 247,28 4 364,18 4 481,07 4 597,97 4 753,84 4 909,70 5 065,56 5 124,01 5 182,46
260 648,2 2,5% 4 352,02 4 471,80 4 591,58 4 711,36 4 871,07 5 030,77 5 190,48 5 250,37 5 310,26
265 664,3 2,5% 4 460,11 4 582,87 4 705,62 4 828,38 4 992,05 5 155,73 5 319,40 5 380,78 5 442,16
270 680,6 2,5% 4 569,55 4 695,32 4 821,09 4 946,85 5 114,54 5 282,23 5 449,92 5 512,81 5 575,69
275 697,4 2,5% 4 682,35 4 811,22 4 940,09 5 068,96 5 240,79 5 412,62 5 584,45 5 648,89 5 713,32
280 714,7 2,5% 4 798,50 4 930,57 5 062,64 5 194,71 5 370,80 5 546,89 5 722,98 5 789,02 5 855,05
285 730,8 2,3% 4 906,59 5 041,64 5 176,68 5 311,73 5 491,78 5 671,84 5 851,90 5 919,42 5 986,95
290 747,3 2,3% 5 017,38 5 155,47 5 293,56 5 431,65 5 615,78 5 799,90 5 984,03 6 053,07 6 122,12
295 763,9 2,2% 5 128,83 5 269,99 5 411,15 5 552,31 5 740,52 5 928,74 6 116,95 6 187,53 6 258,11
300 780,9 2,2% 5 242,97 5 387,27 5 531,57 5 675,87 5 868,27 6 060,68 6 253,08 6 325,23 6 397,38
305 798,3 2,2% 5 359,79 5 507,31 5 654,82 5 802,34 5 999,03 6 195,72 6 392,41 6 466,17 6 539,93
310 816,1 2,2% 5 479,30 5 630,11 5 780,91 5 931,72 6 132,79 6 333,87 6 534,94 6 610,35 6 685,75
315 834,3 2,2% 5 601,49 5 755,66 5 909,83 6 064,00 6 269,56 6 475,12 6 680,68 6 757,77 6 834,85
320 853,1 2,3% 5 727,72 5 885,36 6 043,00 6 200,65 6 410,84 6 621,03 6 831,22 6 910,04 6 988,87
325 871,7 2,2% 5 852,60 6 013,68 6 174,76 6 335,84 6 550,61 6 765,39 6 980,16 7 060,70 7 141,24
330 890,7 2,2% 5 980,16 6 144,76 6 309,35 6 473,94 6 693,39 6 912,85 7 132,31 7 214,60 7 296,90
340 912,6 2,5% 6 127,20 6 295,84 6 464,48 6 633,12 6 857,97 7 082,82 7 307,67 7 391,99 7 476,31
350 932,9 2,2% 6 263,50 6 435,88 6 608,27 6 780,66 7 010,52 7 240,37 7 470,22 7 556,42 7 642,61
355 954,3 2,3% 6 407,17 6 583,52 6 759,86 6 936,21 7 171,33 7 406,46 7 641,58 7 729,76 7 817,93
360 976,3 2,3% 6 554,88 6 735,29 6 915,70 7 096,11 7 336,66 7 577,20 7 817,75 7 907,96 7 998,16
365 998,7 2,3% 6 705,28 6 889,83 7 074,37 7 258,92 7 504,99 7 751,05 7 997,12 8 089,39 8 181,67
370 1 021,7 2,3% 6 859,70 7 048,50 7 237,30 7 426,10 7 677,83 7 929,56 8 181,29 8 275,69 8 370,09 Ecart
NRTaux de majoration d'anciennetéREMUNERATIONS MENSUELLES BRUTES
AU 1ER JANVIER 2012
(accord de branche du 24 novembre 2011)
Echelons d'anciennetéMajoration résidentielle:
Niveau de
rémunératio
nCoefficient

=== Page 4 ===

Rémunérations mensuelles au 01-01-2012 (pour salariés). xls - MR 24 - 30/11/201124%
9% 12% 15% 18% 22% 26% 30% 31,5% 33%
4 5 6 7 8 9 10 11 12
30 222,9 - 1 490,54 1 531,57 1 572,59 1 613,61 1 668,31 1 723,01 1 777,71 1 798,22 1 818,73
35 227,2 1,9% 1 519,30 1 561,11 1 602,93 1 644,74 1 700,50 1 756,25 1 812,00 1 832,91 1 853,82
40 231,6 1,9% 1 548,72 1 591,34 1 633,97 1 676,59 1 733,43 1 790,26 1 847,10 1 868,41 1 889,72
45 236,3 2,0% 1 580,15 1 623,64 1 667,13 1 710,62 1 768,61 1 826,59 1 884,58 1 906,33 1 928,07
50 240,9 1,9% 1 610,91 1 655,25 1 699,58 1 743,92 1 803,03 1 862,15 1 921,27 1 943,44 1 965,60
55 245,5 1,9% 1 641,67 1 686,85 1 732,04 1 777,22 1 837,46 1 897,71 1 957,95 1 980,55 2 003,14
60 250,3 2,0% 1 673,77 1 719,83 1 765,90 1 811,97 1 873,39 1 934,81 1 996,24 2 019,27 2 042,30
65 255,4 2,0% 1 707,87 1 754,88 1 801,88 1 848,89 1 911,56 1 974,24 2 036,91 2 060,41 2 083,92
70 260,8 2,1% 1 743,98 1 791,98 1 839,98 1 887,98 1 951,98 2 015,98 2 079,98 2 103,98 2 127,98
75 265,6 1,8% 1 776,08 1 824,96 1 873,84 1 922,73 1 987,90 2 053,08 2 118,26 2 142,70 2 167,14
80 270,4 1,8% 1 808,18 1 857,94 1 907,71 1 957,47 2 023,83 2 090,18 2 156,54 2 181,42 2 206,31
85 276,6 2,3% 1 849,64 1 900,54 1 951,45 2 002,36 2 070,23 2 138,11 2 205,99 2 231,44 2 256,89
90 282,9 2,3% 1 891,76 1 943,83 1 995,90 2 047,96 2 117,39 2 186,81 2 256,23 2 282,27 2 308,30
95 289,2 2,2% 1 933,89 1 987,12 2 040,35 2 093,57 2 164,54 2 235,51 2 306,48 2 333,09 2 359,70
100 295,6 2,2% 1 976,69 2 031,09 2 085,50 2 139,90 2 212,44 2 284,98 2 357,52 2 384,72 2 411,92
105 302,5 2,3% 2 022,83 2 078,50 2 134,18 2 189,85 2 264,08 2 338,32 2 412,55 2 440,39 2 468,22
110 309,6 2,3% 2 070,31 2 127,29 2 184,27 2 241,25 2 317,23 2 393,20 2 469,17 2 497,67 2 526,16
115 317,2 2,5% 2 121,13 2 179,51 2 237,89 2 296,27 2 374,11 2 451,95 2 529,79 2 558,98 2 588,17
120 325,7 2,7% 2 177,97 2 237,91 2 297,86 2 357,80 2 437,73 2 517,65 2 597,58 2 627,55 2 657,52
125 333,8 2,5% 2 232,13 2 293,57 2 355,00 2 416,44 2 498,35 2 580,27 2 662,18 2 692,90 2 723,61
130 342,0 2,5% 2 286,97 2 349,91 2 412,86 2 475,80 2 559,73 2 643,65 2 727,58 2 759,05 2 790,52
135 350,5 2,5% 2 343,81 2 408,32 2 472,82 2 537,33 2 623,34 2 709,36 2 795,37 2 827,62 2 859,88
140 359,2 2,5% 2 401,99 2 468,09 2 534,20 2 600,31 2 688,46 2 776,61 2 864,75 2 897,81 2 930,86
145 368,0 2,4% 2 460,83 2 528,56 2 596,29 2 664,02 2 754,32 2 844,63 2 934,94 2 968,80 3 002,67
150 377,1 2,5% 2 521,68 2 591,09 2 660,49 2 729,90 2 822,43 2 914,97 3 007,51 3 042,21 3 076,92
155 386,3 2,4% 2 583,20 2 654,30 2 725,40 2 796,50 2 891,29 2 986,09 3 080,89 3 116,43 3 151,98
160 396,6 2,7% 2 652,08 2 725,07 2 798,07 2 871,06 2 968,38 3 065,71 3 163,03 3 199,53 3 236,02
165 406,2 2,4% 2 716,28 2 791,04 2 865,80 2 940,56 3 040,24 3 139,92 3 239,60 3 276,98 3 314,36
170 416,1 2,4% 2 782,48 2 859,06 2 935,64 3 012,22 3 114,33 3 216,44 3 318,55 3 356,84 3 395,13
175 426,5 2,5% 2 852,02 2 930,52 3 009,02 3 087,51 3 192,17 3 296,83 3 401,50 3 440,74 3 479,99
180 437,0 2,5% 2 922,24 3 002,67 3 083,09 3 163,52 3 270,76 3 378,00 3 485,24 3 525,45 3 565,67
185 447,7 2,4% 2 993,79 3 076,19 3 158,58 3 240,98 3 350,85 3 460,71 3 570,57 3 611,77 3 652,97
190 458,7 2,5% 3 067,35 3 151,77 3 236,19 3 320,61 3 433,18 3 545,74 3 658,30 3 700,51 3 742,72
195 470,1 2,5% 3 143,58 3 230,10 3 316,62 3 403,14 3 518,50 3 633,86 3 749,22 3 792,48 3 835,74
200 481,6 2,4% 3 220,48 3 309,12 3 397,75 3 486,39 3 604,57 3 722,76 3 840,94 3 885,26 3 929,58
205 493,6 2,5% 3 300,72 3 391,57 3 482,41 3 573,26 3 694,39 3 815,52 3 936,64 3 982,07 4 027,49
210 505,8 2,5% 3 382,31 3 475,40 3 568,49 3 661,58 3 785,70 3 909,82 4 033,94 4 080,49 4 127,03
215 518,2 2,5% 3 465,22 3 560,60 3 655,97 3 751,34 3 878,51 4 005,67 4 132,84 4 180,52 4 228,21
220 531,0 2,5% 3 550,82 3 648,55 3 746,28 3 844,01 3 974,31 4 104,62 4 234,92 4 283,79 4 332,65
225 544,2 2,5% 3 639,09 3 739,25 3 839,40 3 939,56 4 073,11 4 206,65 4 340,20 4 390,28 4 440,35
230 557,6 2,5% 3 728,69 3 831,32 3 933,94 4 036,57 4 173,40 4 310,23 4 447,07 4 498,38 4 549,69
235 571,5 2,5% 3 821,64 3 926,83 4 032,01 4 137,19 4 277,44 4 417,68 4 557,92 4 610,52 4 663,11
240 588,0 2,9% 3 931,98 4 040,20 4 148,42 4 256,64 4 400,93 4 545,22 4 689,52 4 743,63 4 797,74
245 602,4 2,4% 4 028,27 4 139,14 4 250,01 4 360,88 4 508,71 4 656,54 4 804,36 4 859,80 4 915,23
250 617,2 2,5% 4 127,24 4 240,84 4 354,43 4 468,02 4 619,48 4 770,94 4 922,40 4 979,20 5 035,99
255 632,6 2,5% 4 230,22 4 346,65 4 463,08 4 579,51 4 734,74 4 889,98 5 045,22 5 103,43 5 161,65
260 648,2 2,5% 4 334,54 4 453,84 4 573,14 4 692,44 4 851,50 5 010,57 5 169,63 5 229,28 5 288,93
265 664,3 2,5% 4 442,20 4 564,46 4 686,73 4 808,99 4 972,01 5 135,02 5 298,04 5 359,17 5 420,30
270 680,6 2,5% 4 551,20 4 676,46 4 801,72 4 926,99 5 094,00 5 261,02 5 428,04 5 490,67 5 553,30
275 697,4 2,5% 4 663,54 4 791,90 4 920,25 5 048,61 5 219,74 5 390,88 5 562,02 5 626,20 5 690,38
280 714,7 2,5% 4 779,23 4 910,77 5 042,30 5 173,84 5 349,23 5 524,61 5 700,00 5 765,77 5 831,54
285 730,8 2,3% 4 886,89 5 021,39 5 155,89 5 290,39 5 469,73 5 649,06 5 828,40 5 895,65 5 962,90
290 747,3 2,3% 4 997,23 5 134,76 5 272,30 5 409,84 5 593,23 5 776,61 5 959,99 6 028,76 6 097,53
295 763,9 2,2% 5 108,23 5 248,82 5 389,42 5 530,01 5 717,47 5 904,93 6 092,39 6 162,68 6 232,98
300 780,9 2,2% 5 221,91 5 365,63 5 509,35 5 653,08 5 844,71 6 036,34 6 227,97 6 299,83 6 371,69
305 798,3 2,2% 5 338,26 5 485,19 5 632,11 5 779,04 5 974,94 6 170,84 6 366,74 6 440,20 6 513,66
310 816,1 2,2% 5 457,29 5 607,49 5 757,70 5 907,90 6 108,16 6 308,43 6 508,70 6 583,80 6 658,90
315 834,3 2,2% 5 579,00 5 732,55 5 886,10 6 039,65 6 244,38 6 449,12 6 653,85 6 730,63 6 807,40
320 853,1 2,3% 5 704,71 5 861,73 6 018,74 6 175,75 6 385,09 6 594,44 6 803,79 6 882,29 6 960,80
325 871,7 2,2% 5 829,09 5 989,53 6 149,96 6 310,39 6 524,31 6 738,22 6 952,13 7 032,35 7 112,56
330 890,7 2,2% 5 956,15 6 120,08 6 284,01 6 447,94 6 666,51 6 885,09 7 103,66 7 185,63 7 267,59
340 912,6 2,5% 6 102,59 6 270,55 6 438,52 6 606,48 6 830,43 7 054,37 7 278,32 7 362,30 7 446,28
350 932,9 2,2% 6 238,34 6 410,04 6 581,74 6 753,43 6 982,36 7 211,29 7 440,22 7 526,07 7 611,92
355 954,3 2,3% 6 381,44 6 557,08 6 732,72 6 908,35 7 142,53 7 376,71 7 610,90 7 698,71 7 786,53
360 976,3 2,3% 6 528,56 6 708,24 6 887,93 7 067,61 7 307,19 7 546,77 7 786,35 7 876,20 7 966,04
365 998,7 2,3% 6 678,35 6 862,16 7 045,96 7 229,77 7 474,85 7 719,93 7 965,00 8 056,91 8 148,81
370 1 021,7 2,3% 6 832,15 7 020,19 7 208,23 7 396,27 7 646,99 7 897,71 8 148,44 8 242,46 8 336,48 Ecart
NRTaux de majoration d'anciennetéREMUNERATIONS MENSUELLES BRUTES
AU 1ER JANVIER 2012
(accord de branche du 24 novembre 2011)
Echelons d'anciennetéMajoration résidentielle:
Niveau de
rémunératio
nCoefficient