=== Page 1 ===


Direction stratégie sociale
Pôle rémunération EDF SA & IEG
prévue par la recommandation patronale du 29 octobre 2018
SALAIRE NATIONAL DE BASE
505,23 EurosREMUNERATIONS
MENSUELLES BRUTES
AU 1ER JANVIER 2019
Ce barème salarial tient compte de la revalorisation
du SNB de 0,3 % au 1er janvier 2019


=== Page 2 ===

25%
9% 12% 15% 18% 22% 26% 30% 31,5% 33%
4 5 6 7 8 9 10 11 12
30 226,0 - 1 555,73 1 598,55 1 641,37 1 684,18 1 741,28 1 798,37 1 855,46 1 876,87 1 898,28
35 230,4 1,9% 1 586,02 1 629,67 1 673,32 1 716,97 1 775,18 1 833,38 1 891,58 1 913,41 1 935,23
40 234,9 2,0% 1 616,99 1 661,50 1 706,00 1 750,51 1 809,85 1 869,19 1 928,53 1 950,78 1 973,03
45 239,6 2,0% 1 649,35 1 694,74 1 740,14 1 785,53 1 846,06 1 906,59 1 967,11 1 989,81 2 012,51
50 244,3 2,0% 1 681,70 1 727,99 1 774,27 1 820,56 1 882,27 1 943,99 2 005,70 2 028,84 2 051,99
55 249,0 1,9% 1 714,06 1 761,23 1 808,41 1 855,58 1 918,48 1 981,39 2 044,29 2 067,87 2 091,46
60 253,8 1,9% 1 747,10 1 795,18 1 843,27 1 891,35 1 955,47 2 019,58 2 083,69 2 107,74 2 131,78
65 259,0 2,0% 1 782,89 1 831,96 1 881,03 1 930,10 1 995,53 2 060,96 2 126,39 2 150,92 2 175,46
70 264,4 2,1% 1 820,07 1 870,16 1 920,25 1 970,35 2 037,14 2 103,93 2 170,72 2 195,77 2 220,81
75 269,4 1,9% 1 854,48 1 905,53 1 956,57 2 007,61 2 075,66 2 143,72 2 211,77 2 237,29 2 262,81
80 274,2 1,8% 1 887,53 1 939,48 1 991,43 2 043,38 2 112,64 2 181,91 2 251,18 2 277,15 2 303,13
85 280,5 2,3% 1 930,89 1 984,04 2 037,18 2 090,33 2 161,18 2 232,04 2 302,90 2 329,47 2 356,05
90 286,9 2,3% 1 974,95 2 029,31 2 083,66 2 138,02 2 210,49 2 282,97 2 355,45 2 382,62 2 409,80
95 293,2 2,2% 2 018,32 2 073,87 2 129,42 2 184,97 2 259,03 2 333,10 2 407,17 2 434,94 2 462,72
100 299,8 2,3% 2 063,75 2 120,55 2 177,35 2 234,15 2 309,89 2 385,62 2 461,35 2 489,75 2 518,15
105 306,7 2,3% 2 111,25 2 169,36 2 227,46 2 285,57 2 363,05 2 440,53 2 518,00 2 547,06 2 576,11
110 313,9 2,3% 2 160,81 2 220,28 2 279,76 2 339,23 2 418,52 2 497,82 2 577,12 2 606,85 2 636,59
115 321,7 2,5% 2 214,51 2 275,45 2 336,40 2 397,35 2 478,62 2 559,89 2 641,15 2 671,63 2 702,10
120 330,6 2,8% 2 275,77 2 338,41 2 401,04 2 463,68 2 547,19 2 630,71 2 714,22 2 745,54 2 776,86
125 338,9 2,5% 2 332,91 2 397,11 2 461,32 2 525,53 2 611,14 2 696,75 2 782,36 2 814,47 2 846,57
130 347,1 2,4% 2 389,35 2 455,11 2 520,88 2 586,64 2 674,32 2 762,00 2 849,69 2 882,57 2 915,45
135 355,7 2,5% 2 448,55 2 515,94 2 583,34 2 650,73 2 740,58 2 830,44 2 920,29 2 953,99 2 987,68
140 364,5 2,5% 2 509,13 2 578,19 2 647,25 2 716,31 2 808,38 2 900,46 2 992,54 3 027,07 3 061,60
145 373,6 2,5% 2 571,77 2 642,55 2 713,34 2 784,12 2 878,50 2 972,87 3 067,25 3 102,64 3 138,03
150 382,8 2,5% 2 635,10 2 707,63 2 780,15 2 852,68 2 949,38 3 046,08 3 142,78 3 179,05 3 215,31
155 392,1 2,4% 2 699,12 2 773,41 2 847,70 2 921,99 3 021,04 3 120,09 3 219,14 3 256,28 3 293,42
160 403,0 2,8% 2 774,15 2 850,51 2 926,86 3 003,21 3 105,02 3 206,82 3 308,62 3 346,80 3 384,98
165 412,7 2,4% 2 840,93 2 919,12 2 997,31 3 075,50 3 179,75 3 284,01 3 388,26 3 427,36 3 466,45
170 422,8 2,4% 2 910,45 2 990,56 3 070,66 3 150,77 3 257,57 3 364,38 3 471,18 3 511,23 3 551,29
175 433,3 2,5% 2 982,73 3 064,83 3 146,92 3 229,01 3 338,47 3 447,93 3 557,39 3 598,43 3 639,48
180 444,0 2,5% 3 056,39 3 140,51 3 224,63 3 308,75 3 420,91 3 533,07 3 645,23 3 687,29 3 729,36
185 454,9 2,5% 3 131,42 3 217,61 3 303,79 3 389,98 3 504,89 3 619,81 3 734,72 3 777,82 3 820,91
190 466,1 2,5% 3 208,52 3 296,83 3 385,14 3 473,44 3 591,19 3 708,93 3 826,68 3 870,83 3 914,98
195 477,6 2,5% 3 287,68 3 378,17 3 468,66 3 559,14 3 679,79 3 800,44 3 921,09 3 966,33 4 011,58
200 489,3 2,4% 3 368,22 3 460,93 3 553,63 3 646,33 3 769,94 3 893,54 4 017,15 4 063,50 4 109,85
205 501,5 2,5% 3 452,21 3 547,22 3 642,23 3 737,25 3 863,94 3 990,62 4 117,31 4 164,82 4 212,32
210 513,9 2,5% 3 537,56 3 634,93 3 732,29 3 829,66 3 959,47 4 089,29 4 219,11 4 267,79 4 316,48
215 526,5 2,5% 3 624,30 3 724,05 3 823,80 3 923,55 4 056,55 4 189,56 4 322,56 4 372,43 4 422,31
220 539,4 2,5% 3 713,10 3 815,29 3 917,49 4 019,69 4 155,95 4 292,21 4 428,47 4 479,56 4 530,66
225 552,9 2,5% 3 806,03 3 910,78 4 015,54 4 120,29 4 259,96 4 399,63 4 539,30 4 591,68 4 644,06
230 566,5 2,5% 3 899,65 4 006,98 4 114,31 4 221,64 4 364,75 4 507,85 4 650,96 4 704,62 4 758,29
235 580,6 2,5% 3 996,71 4 106,71 4 216,71 4 326,71 4 473,38 4 620,05 4 766,72 4 821,72 4 876,72
240 598,5 3,1% 4 119,93 4 233,32 4 346,71 4 460,11 4 611,30 4 762,49 4 913,68 4 970,37 5 027,07
245 613,2 2,5% 4 221,12 4 337,30 4 453,48 4 569,65 4 724,56 4 879,46 5 034,36 5 092,45 5 150,54
250 628,3 2,5% 4 325,07 4 444,10 4 563,14 4 682,18 4 840,90 4 999,62 5 158,34 5 217,85 5 277,37
255 643,9 2,5% 4 432,45 4 554,45 4 676,44 4 798,43 4 961,09 5 123,75 5 286,41 5 347,41 5 408,41
260 659,8 2,5% 4 541,90 4 666,91 4 791,92 4 916,92 5 083,60 5 250,27 5 416,95 5 479,45 5 541,96
265 676,2 2,5% 4 654,80 4 782,91 4 911,03 5 039,14 5 209,96 5 380,78 5 551,59 5 615,65 5 679,71
270 692,9 2,5% 4 769,76 4 901,03 5 032,31 5 163,59 5 338,63 5 513,66 5 688,70 5 754,34 5 819,98
275 709,9 2,5% 4 886,78 5 021,28 5 155,78 5 290,28 5 469,61 5 648,94 5 828,27 5 895,52 5 962,77
280 727,5 2,5% 5 007,93 5 145,77 5 283,60 5 421,43 5 605,21 5 788,99 5 972,77 6 041,68 6 110,60
285 744,0 2,3% 5 121,52 5 262,48 5 403,43 5 544,39 5 732,34 5 920,29 6 108,23 6 178,71 6 249,19
290 760,7 2,2% 5 236,48 5 380,60 5 524,72 5 668,84 5 861,01 6 053,17 6 245,34 6 317,40 6 389,46
295 777,6 2,2% 5 352,81 5 500,14 5 647,46 5 794,79 5 991,22 6 187,65 6 384,09 6 457,75 6 531,41
300 794,9 2,2% 5 471,90 5 622,50 5 773,11 5 923,71 6 124,51 6 325,32 6 526,12 6 601,42 6 676,72
305 812,6 2,2% 5 593,74 5 747,70 5 901,65 6 055,61 6 260,89 6 466,16 6 671,44 6 748,41 6 825,39
310 830,7 2,2% 5 718,34 5 875,72 6 033,11 6 190,49 6 400,34 6 610,19 6 820,04 6 898,73 6 977,42
315 849,3 2,2% 5 846,38 6 007,29 6 168,20 6 329,10 6 543,65 6 758,20 6 972,74 7 053,20 7 133,65
320 868,5 2,3% 5 978,54 6 143,09 6 307,64 6 472,19 6 691,58 6 910,98 7 130,37 7 212,65 7 294,92
325 887,4 2,2% 6 108,65 6 276,78 6 444,90 6 613,03 6 837,20 7 061,37 7 285,54 7 369,61 7 453,67
330 906,7 2,2% 6 241,50 6 413,29 6 585,07 6 756,86 6 985,90 7 214,95 7 444,00 7 529,89 7 615,78
340 929,0 2,5% 6 395,01 6 571,02 6 747,03 6 923,04 7 157,72 7 392,40 7 627,08 7 715,08 7 803,09
350 949,6 2,2% 6 536,82 6 716,73 6 896,64 7 076,55 7 316,44 7 556,32 7 796,20 7 886,16 7 976,12
355 971,4 2,3% 6 686,88 6 870,93 7 054,97 7 239,01 7 484,40 7 729,79 7 975,18 8 067,20 8 159,22
360 993,8 2,3% 6 841,08 7 029,37 7 217,65 7 405,94 7 656,99 7 908,04 8 159,09 8 253,23 8 347,37
365 1 016,7 2,3% 6 998,72 7 191,34 7 383,97 7 576,59 7 833,43 8 090,26 8 347,09 8 443,41 8 539,72
370 1 040,0 2,3% 7 159,11 7 356,15 7 553,19 7 750,23 8 012,95 8 275,67 8 538,39 8 636,91 8 735,43 Ecart
NRTaux de majoration d'anciennetéREMUNERATIONS MENSUELLES BRUTES
AU 1ER JANVIER 2019
Revalorisations du SNB de 0,3%
Echelons d'anciennetéMajoration résidentielle:
Niveau de
rémunératio
nCoefficient
Rémunérations mensuelles au 01-01-2019 (Pour salariés). xls - MR 25 - 08/11/2018

=== Page 3 ===

24,5%
9% 12% 15% 18% 22% 26% 30% 31,5% 33%
4 5 6 7 8 9 10 11 12
30 226,0 - 1 549,51 1 592,15 1 634,80 1 677,45 1 734,31 1 791,17 1 848,04 1 869,36 1 890,68
35 230,4 1,9% 1 579,67 1 623,15 1 666,63 1 710,11 1 768,08 1 826,05 1 884,01 1 905,75 1 927,49
40 234,9 2,0% 1 610,53 1 654,85 1 699,18 1 743,51 1 802,61 1 861,71 1 920,81 1 942,98 1 965,14
45 239,6 2,0% 1 642,75 1 687,96 1 733,18 1 778,39 1 838,68 1 898,96 1 959,24 1 981,85 2 004,46
50 244,3 2,0% 1 674,98 1 721,08 1 767,18 1 813,28 1 874,74 1 936,21 1 997,68 2 020,73 2 043,78
55 249,0 1,9% 1 707,20 1 754,19 1 801,17 1 848,16 1 910,81 1 973,46 2 036,11 2 059,60 2 083,10
60 253,8 1,9% 1 740,11 1 788,00 1 835,90 1 883,79 1 947,65 2 011,50 2 075,36 2 099,31 2 123,25
65 259,0 2,0% 1 775,76 1 824,64 1 873,51 1 922,38 1 987,55 2 052,72 2 117,88 2 142,32 2 166,76
70 264,4 2,1% 1 812,79 1 862,68 1 912,57 1 962,47 2 028,99 2 095,51 2 162,04 2 186,98 2 211,93
75 269,4 1,9% 1 847,07 1 897,90 1 948,74 1 999,58 2 067,36 2 135,14 2 202,92 2 228,34 2 253,76
80 274,2 1,8% 1 879,98 1 931,72 1 983,46 2 035,20 2 104,19 2 173,18 2 242,17 2 268,05 2 293,92
85 280,5 2,3% 1 923,17 1 976,10 2 029,03 2 081,96 2 152,54 2 223,11 2 293,69 2 320,16 2 346,62
90 286,9 2,3% 1 967,05 2 021,19 2 075,33 2 129,47 2 201,65 2 273,84 2 346,02 2 373,09 2 400,16
95 293,2 2,2% 2 010,24 2 065,57 2 120,90 2 176,23 2 250,00 2 323,77 2 397,54 2 425,20 2 452,87
100 299,8 2,3% 2 055,50 2 112,07 2 168,64 2 225,22 2 300,65 2 376,08 2 451,51 2 479,80 2 508,08
105 306,7 2,3% 2 102,80 2 160,68 2 218,55 2 276,43 2 353,60 2 430,76 2 507,93 2 536,87 2 565,81
110 313,9 2,3% 2 152,17 2 211,40 2 270,64 2 329,87 2 408,85 2 487,83 2 566,81 2 596,42 2 626,04
115 321,7 2,5% 2 205,65 2 266,35 2 327,06 2 387,76 2 468,71 2 549,65 2 630,59 2 660,94 2 691,29
120 330,6 2,8% 2 266,67 2 329,05 2 391,44 2 453,82 2 537,00 2 620,18 2 703,36 2 734,56 2 765,75
125 338,9 2,5% 2 323,57 2 387,53 2 451,48 2 515,43 2 600,70 2 685,97 2 771,24 2 803,21 2 835,19
130 347,1 2,4% 2 379,80 2 445,29 2 510,79 2 576,29 2 663,62 2 750,96 2 838,29 2 871,04 2 903,79
135 355,7 2,5% 2 438,76 2 505,88 2 573,00 2 640,12 2 729,62 2 819,12 2 908,61 2 942,17 2 975,73
140 364,5 2,5% 2 499,09 2 567,88 2 636,66 2 705,44 2 797,15 2 888,86 2 980,57 3 014,96 3 049,35
145 373,6 2,5% 2 561,49 2 631,98 2 702,48 2 772,98 2 866,98 2 960,98 3 054,98 3 090,23 3 125,48
150 382,8 2,5% 2 624,56 2 696,80 2 769,03 2 841,27 2 937,58 3 033,90 3 130,21 3 166,33 3 202,45
155 392,1 2,4% 2 688,33 2 762,32 2 836,31 2 910,30 3 008,95 3 107,61 3 206,26 3 243,25 3 280,25
160 403,0 2,8% 2 763,06 2 839,11 2 915,15 2 991,20 3 092,60 3 193,99 3 295,39 3 333,41 3 371,44
165 412,7 2,4% 2 829,56 2 907,44 2 985,32 3 063,20 3 167,03 3 270,87 3 374,71 3 413,65 3 452,59
170 422,8 2,4% 2 898,81 2 978,60 3 058,38 3 138,16 3 244,54 3 350,92 3 457,30 3 497,19 3 537,08
175 433,3 2,5% 2 970,80 3 052,57 3 134,33 3 216,10 3 325,12 3 434,14 3 543,16 3 584,04 3 624,92
180 444,0 2,5% 3 044,16 3 127,95 3 211,73 3 295,52 3 407,23 3 518,94 3 630,65 3 672,55 3 714,44
185 454,9 2,5% 3 118,90 3 204,74 3 290,58 3 376,42 3 490,87 3 605,33 3 719,78 3 762,71 3 805,63
190 466,1 2,5% 3 195,69 3 283,64 3 371,60 3 459,55 3 576,82 3 694,10 3 811,37 3 855,35 3 899,32
195 477,6 2,5% 3 274,53 3 364,66 3 454,78 3 544,91 3 665,07 3 785,24 3 905,41 3 950,47 3 995,53
200 489,3 2,4% 3 354,75 3 447,08 3 539,42 3 631,75 3 754,86 3 877,97 4 001,08 4 047,24 4 093,41
205 501,5 2,5% 3 438,40 3 533,03 3 627,67 3 722,30 3 848,48 3 974,66 4 100,84 4 148,16 4 195,47
210 513,9 2,5% 3 523,41 3 620,39 3 717,36 3 814,34 3 943,64 4 072,94 4 202,24 4 250,72 4 299,21
215 526,5 2,5% 3 609,80 3 709,15 3 808,51 3 907,86 4 040,33 4 172,80 4 305,27 4 354,94 4 404,62
220 539,4 2,5% 3 698,25 3 800,03 3 901,82 4 003,61 4 139,32 4 275,04 4 410,75 4 461,65 4 512,54
225 552,9 2,5% 3 790,81 3 895,14 3 999,47 4 103,81 4 242,92 4 382,03 4 521,14 4 573,31 4 625,48
230 566,5 2,5% 3 884,05 3 990,95 4 097,85 4 204,75 4 347,29 4 489,82 4 632,35 4 685,80 4 739,25
235 580,6 2,5% 3 980,72 4 090,28 4 199,85 4 309,41 4 455,49 4 601,57 4 747,65 4 802,43 4 857,21
240 598,5 3,1% 4 103,45 4 216,39 4 329,33 4 442,27 4 592,85 4 743,44 4 894,02 4 950,49 5 006,96
245 613,2 2,5% 4 204,24 4 319,95 4 435,66 4 551,38 4 705,66 4 859,94 5 014,23 5 072,08 5 129,94
250 628,3 2,5% 4 307,77 4 426,33 4 544,89 4 663,45 4 821,54 4 979,62 5 137,70 5 196,98 5 256,26
255 643,9 2,5% 4 414,72 4 536,23 4 657,73 4 779,24 4 941,25 5 103,26 5 265,27 5 326,02 5 386,77
260 659,8 2,5% 4 523,74 4 648,24 4 772,75 4 897,26 5 063,26 5 229,27 5 395,28 5 457,54 5 519,79
265 676,2 2,5% 4 636,18 4 763,78 4 891,38 5 018,98 5 189,12 5 359,25 5 529,39 5 593,19 5 656,99
270 692,9 2,5% 4 750,68 4 881,43 5 012,18 5 142,94 5 317,27 5 491,61 5 665,95 5 731,32 5 796,70
275 709,9 2,5% 4 867,23 5 001,19 5 135,15 5 269,11 5 447,73 5 626,34 5 804,96 5 871,94 5 938,92
280 727,5 2,5% 4 987,90 5 125,18 5 262,47 5 399,75 5 582,79 5 765,83 5 948,87 6 017,52 6 086,16
285 744,0 2,3% 5 101,03 5 241,43 5 381,82 5 522,22 5 709,41 5 896,60 6 083,80 6 154,00 6 224,19
290 760,7 2,2% 5 215,53 5 359,08 5 502,62 5 646,17 5 837,56 6 028,96 6 220,36 6 292,13 6 363,90
295 777,6 2,2% 5 331,40 5 478,14 5 624,87 5 771,61 5 967,25 6 162,90 6 358,55 6 431,92 6 505,29
300 794,9 2,2% 5 450,01 5 600,01 5 750,01 5 900,01 6 100,01 6 300,01 6 500,01 6 575,01 6 650,01
305 812,6 2,2% 5 571,37 5 724,71 5 878,05 6 031,39 6 235,84 6 440,30 6 644,75 6 721,42 6 798,09
310 830,7 2,2% 5 695,47 5 852,22 6 008,98 6 165,73 6 374,74 6 583,75 6 792,76 6 871,13 6 949,51
315 849,3 2,2% 5 822,99 5 983,26 6 143,52 6 303,79 6 517,48 6 731,16 6 944,85 7 024,98 7 105,12
320 868,5 2,3% 5 954,63 6 118,52 6 282,41 6 446,30 6 664,82 6 883,33 7 101,85 7 183,80 7 265,74
325 887,4 2,2% 6 084,21 6 251,67 6 419,12 6 586,58 6 809,85 7 033,13 7 256,40 7 340,13 7 423,86
330 906,7 2,2% 6 216,54 6 387,64 6 558,73 6 729,83 6 957,96 7 186,09 7 414,22 7 499,77 7 585,32
340 929,0 2,5% 6 369,43 6 544,74 6 720,04 6 895,35 7 129,09 7 362,83 7 596,57 7 684,22 7 771,88
350 949,6 2,2% 6 510,67 6 689,86 6 869,06 7 048,25 7 287,17 7 526,10 7 765,02 7 854,62 7 944,21
355 971,4 2,3% 6 660,14 6 843,44 7 026,75 7 210,06 7 454,46 7 698,87 7 943,28 8 034,93 8 126,59
360 993,8 2,3% 6 813,72 7 001,25 7 188,78 7 376,32 7 626,36 7 876,40 8 126,45 8 220,22 8 313,98
365 1 016,7 2,3% 6 970,72 7 162,58 7 354,43 7 546,29 7 802,09 8 057,90 8 313,71 8 409,63 8 505,56
370 1 040,0 2,3% 7 130,47 7 326,72 7 522,98 7 719,23 7 980,90 8 242,56 8 504,23 8 602,36 8 700,48 Ecart
NRTaux de majoration d'anciennetéREMUNERATIONS MENSUELLES BRUTES
AU 1ER JANVIER 2019
Revalorisations du SNB de 0,3%
Echelons d'anciennetéMajoration résidentielle:
Niveau de
rémunératio
nCoefficient
Rémunérations mensuelles au 01-01-2019 (Pour salariés). xls - MR 24,5 - 08/11/2018

=== Page 4 ===

24%
9% 12% 15% 18% 22% 26% 30% 31,5% 33%
4 5 6 7 8 9 10 11 12
30 226,0 - 1 543,28 1 585,76 1 628,24 1 670,71 1 727,34 1 783,98 1 840,61 1 861,85 1 883,09
35 230,4 1,9% 1 573,33 1 616,63 1 659,94 1 703,24 1 760,97 1 818,71 1 876,45 1 898,10 1 919,75
40 234,9 2,0% 1 604,06 1 648,21 1 692,36 1 736,50 1 795,37 1 854,23 1 913,10 1 935,17 1 957,25
45 239,6 2,0% 1 636,15 1 681,19 1 726,22 1 771,25 1 831,29 1 891,33 1 951,38 1 973,89 1 996,41
50 244,3 2,0% 1 668,25 1 714,16 1 760,08 1 805,99 1 867,21 1 928,43 1 989,65 2 012,61 2 035,57
55 249,0 1,9% 1 700,34 1 747,14 1 793,94 1 840,74 1 903,14 1 965,53 2 027,93 2 051,33 2 074,73
60 253,8 1,9% 1 733,12 1 780,82 1 828,52 1 876,22 1 939,82 2 003,42 2 067,03 2 090,88 2 114,73
65 259,0 2,0% 1 768,63 1 817,31 1 865,99 1 914,66 1 979,57 2 044,47 2 109,38 2 133,71 2 158,05
70 264,4 2,1% 1 805,51 1 855,20 1 904,89 1 954,58 2 020,84 2 087,10 2 153,35 2 178,20 2 203,05
75 269,4 1,9% 1 839,65 1 890,28 1 940,91 1 991,55 2 059,06 2 126,57 2 194,08 2 219,39 2 244,71
80 274,2 1,8% 1 872,43 1 923,96 1 975,50 2 027,03 2 095,74 2 164,46 2 233,17 2 258,94 2 284,70
85 280,5 2,3% 1 915,45 1 968,17 2 020,88 2 073,60 2 143,90 2 214,19 2 284,48 2 310,84 2 337,20
90 286,9 2,3% 1 959,15 2 013,07 2 066,99 2 120,92 2 192,81 2 264,71 2 336,60 2 363,56 2 390,52
95 293,2 2,2% 2 002,17 2 057,28 2 112,38 2 167,49 2 240,96 2 314,44 2 387,91 2 415,46 2 443,02
100 299,8 2,3% 2 047,24 2 103,59 2 159,93 2 216,28 2 291,41 2 366,54 2 441,66 2 469,84 2 498,01
105 306,7 2,3% 2 094,36 2 152,00 2 209,64 2 267,29 2 344,14 2 421,00 2 497,86 2 526,68 2 555,50
110 313,9 2,3% 2 143,53 2 202,52 2 261,52 2 320,51 2 399,18 2 477,84 2 556,50 2 586,00 2 615,49
115 321,7 2,5% 2 196,79 2 257,25 2 317,71 2 378,18 2 458,79 2 539,41 2 620,02 2 650,25 2 680,49
120 330,6 2,8% 2 257,56 2 319,70 2 381,83 2 443,97 2 526,82 2 609,66 2 692,51 2 723,58 2 754,64
125 338,9 2,5% 2 314,24 2 377,94 2 441,63 2 505,33 2 590,25 2 675,18 2 760,11 2 791,95 2 823,80
130 347,1 2,4% 2 370,24 2 435,47 2 500,71 2 565,95 2 652,93 2 739,91 2 826,89 2 859,51 2 892,13
135 355,7 2,5% 2 428,96 2 495,82 2 562,67 2 629,52 2 718,66 2 807,79 2 896,93 2 930,36 2 963,78
140 364,5 2,5% 2 489,06 2 557,56 2 626,07 2 694,58 2 785,92 2 877,26 2 968,60 3 002,85 3 037,11
145 373,6 2,5% 2 551,20 2 621,41 2 691,63 2 761,85 2 855,47 2 949,09 3 042,71 3 077,82 3 112,93
150 382,8 2,5% 2 614,02 2 685,97 2 757,91 2 829,86 2 925,79 3 021,71 3 117,64 3 153,61 3 189,59
155 392,1 2,4% 2 677,53 2 751,22 2 824,92 2 898,61 2 996,87 3 095,13 3 193,38 3 230,23 3 267,08
160 403,0 2,8% 2 751,96 2 827,70 2 903,45 2 979,19 3 080,18 3 181,17 3 282,16 3 320,03 3 357,90
165 412,7 2,4% 2 818,20 2 895,76 2 973,33 3 050,90 3 154,32 3 257,74 3 361,16 3 399,94 3 438,72
170 422,8 2,4% 2 887,17 2 966,63 3 046,10 3 125,56 3 231,51 3 337,46 3 443,41 3 483,14 3 522,88
175 433,3 2,5% 2 958,87 3 040,31 3 121,74 3 203,18 3 311,76 3 420,35 3 528,93 3 569,65 3 610,37
180 444,0 2,5% 3 031,94 3 115,39 3 198,83 3 282,28 3 393,55 3 504,81 3 616,07 3 657,80 3 699,52
185 454,9 2,5% 3 106,37 3 191,87 3 277,36 3 362,86 3 476,86 3 590,85 3 704,85 3 747,59 3 790,34
190 466,1 2,5% 3 182,85 3 270,45 3 358,05 3 445,66 3 562,46 3 679,26 3 796,06 3 839,86 3 883,66
195 477,6 2,5% 3 261,38 3 351,14 3 440,91 3 530,67 3 650,35 3 770,04 3 889,72 3 934,60 3 979,48
200 489,3 2,4% 3 341,28 3 433,24 3 525,20 3 617,16 3 739,78 3 862,39 3 985,01 4 030,99 4 076,97
205 501,5 2,5% 3 424,59 3 518,84 3 613,10 3 707,35 3 833,02 3 958,70 4 084,37 4 131,50 4 178,62
210 513,9 2,5% 3 509,26 3 605,85 3 702,43 3 799,02 3 927,80 4 056,58 4 185,36 4 233,65 4 281,94
215 526,5 2,5% 3 595,30 3 694,26 3 793,21 3 892,16 4 024,10 4 156,04 4 287,98 4 337,45 4 386,93
220 539,4 2,5% 3 683,39 3 784,77 3 886,15 3 987,53 4 122,70 4 257,87 4 393,04 4 443,73 4 494,42
225 552,9 2,5% 3 775,58 3 879,50 3 983,41 4 087,33 4 225,88 4 364,43 4 502,99 4 554,95 4 606,90
230 566,5 2,5% 3 868,45 3 974,92 4 081,39 4 187,87 4 329,83 4 471,79 4 613,75 4 666,99 4 720,22
235 580,6 2,5% 3 964,74 4 073,86 4 182,98 4 292,10 4 437,60 4 583,09 4 728,58 4 783,15 4 837,71
240 598,5 3,1% 4 086,97 4 199,46 4 311,94 4 424,43 4 574,41 4 724,39 4 874,37 4 930,61 4 986,85
245 613,2 2,5% 4 187,35 4 302,60 4 417,85 4 533,10 4 686,76 4 840,43 4 994,09 5 051,71 5 109,34
250 628,3 2,5% 4 290,47 4 408,55 4 526,64 4 644,72 4 802,17 4 959,62 5 117,07 5 176,11 5 235,15
255 643,9 2,5% 4 396,99 4 518,01 4 639,03 4 760,05 4 921,40 5 082,76 5 244,12 5 304,63 5 365,14
260 659,8 2,5% 4 505,57 4 629,58 4 753,58 4 877,59 5 042,93 5 208,27 5 373,61 5 435,62 5 497,62
265 676,2 2,5% 4 617,56 4 744,65 4 871,74 4 998,83 5 168,28 5 337,73 5 507,18 5 570,73 5 634,27
270 692,9 2,5% 4 731,60 4 861,83 4 992,05 5 122,28 5 295,92 5 469,55 5 643,19 5 708,30 5 773,42
275 709,9 2,5% 4 847,69 4 981,11 5 114,53 5 247,95 5 425,85 5 603,75 5 781,64 5 848,36 5 915,07
280 727,5 2,5% 4 967,87 5 104,60 5 241,33 5 378,06 5 560,37 5 742,68 5 924,98 5 993,35 6 061,71
285 744,0 2,3% 5 080,54 5 220,38 5 360,21 5 500,04 5 686,48 5 872,92 6 059,36 6 129,28 6 199,20
290 760,7 2,2% 5 194,58 5 337,55 5 480,52 5 623,49 5 814,12 6 004,75 6 195,37 6 266,86 6 338,34
295 777,6 2,2% 5 309,99 5 456,13 5 602,28 5 748,43 5 943,29 6 138,15 6 333,01 6 406,09 6 479,16
300 794,9 2,2% 5 428,12 5 577,52 5 726,92 5 876,32 6 075,52 6 274,71 6 473,91 6 548,61 6 623,31
305 812,6 2,2% 5 548,99 5 701,72 5 854,44 6 007,17 6 210,80 6 414,43 6 618,06 6 694,43 6 770,79
310 830,7 2,2% 5 672,59 5 828,72 5 984,84 6 140,97 6 349,14 6 557,31 6 765,48 6 843,54 6 921,60
315 849,3 2,2% 5 799,61 5 959,23 6 118,85 6 278,47 6 491,30 6 704,13 6 916,96 6 996,77 7 076,58
320 868,5 2,3% 5 930,72 6 093,95 6 257,18 6 420,41 6 638,05 6 855,69 7 073,33 7 154,95 7 236,56
325 887,4 2,2% 6 059,78 6 226,56 6 393,34 6 560,13 6 782,50 7 004,88 7 227,26 7 310,65 7 394,04
330 906,7 2,2% 6 191,57 6 361,98 6 532,39 6 702,80 6 930,02 7 157,23 7 384,44 7 469,65 7 554,85
340 929,0 2,5% 6 343,85 6 518,45 6 693,05 6 867,66 7 100,46 7 333,26 7 566,06 7 653,36 7 740,66
350 949,6 2,2% 6 484,52 6 663,00 6 841,47 7 019,94 7 257,91 7 495,87 7 733,83 7 823,07 7 912,31
355 971,4 2,3% 6 633,39 6 815,96 6 998,53 7 181,10 7 424,53 7 667,95 7 911,38 8 002,67 8 093,95
360 993,8 2,3% 6 786,35 6 973,13 7 159,91 7 346,69 7 595,73 7 844,77 8 093,81 8 187,20 8 280,59
365 1 016,7 2,3% 6 942,73 7 133,81 7 324,90 7 515,98 7 770,76 8 025,54 8 280,32 8 375,86 8 471,40
370 1 040,0 2,3% 7 101,84 7 297,30 7 492,76 7 688,23 7 948,84 8 209,46 8 470,08 8 567,81 8 665,54 Ecart
NRTaux de majoration d'anciennetéREMUNERATIONS MENSUELLES BRUTES
AU 1ER JANVIER 2019
Revalorisations du SNB de 0,3%
Echelons d'anciennetéMajoration résidentielle:
Niveau de
rémunératio
nCoefficient
Rémunérations mensuelles au 01-01-2019 (Pour salariés). xls - MR 24 - 08/11/2018