=== Page 1 ===

date: SNB: 506,24 Maj. Res: 1,25

Echelon ECH 1 * ECH 2 * ECH 3 * ECH 4 ECH 5 ECH 6 ECH 7 ECH 8 ECH 9 ECH 10 ECH 11 ECH 12
NR Coeff 1,00 1,06 1,07 1,09 1,12 1,15 1,18 1,22 1,26 1,30 1,315 1,33
30 226,0 1 430,13 1 515,94 1 530,24 1 558,84 1 601,74 1 644,65 1 6 87,55 1 744,76 1 801,96 1 859,17 1 880,62 1 902,07
35 230,4 1 457,97 1 545,45 1 560,03 1 589,19 1 632,93 1 676,67 1 7 20,41 1 778,72 1 837,04 1 895,36 1 917,23 1 939,10
40 234,9 1 486,45 1 575,63 1 590,50 1 620,23 1 664,82 1 709,41 1 7 54,01 1 813,47 1 872,92 1 932,38 1 954,68 1 976,97
45 239,6 1 516,19 1 607,16 1 622,32 1 652,65 1 698,13 1 743,62 1 7 89,10 1 849,75 1 910,40 1 971,05 1 993,79 2 016,53
50 244,3 1 545,93 1 638,69 1 654,15 1 685,06 1 731,44 1 777,82 1 8 24,20 1 886,04 1 947,87 2 009,71 2 032,90 2 056,09
55 249,0 1 575,67 1 670,21 1 685,97 1 717,48 1 764,75 1 812,02 1 8 59,29 1 922,32 1 985,35 2 048,37 2 072,01 2 095,64
60 253,8 1 606,05 1 702,41 1 718,47 1 750,59 1 798,77 1 846,95 1 8 95,13 1 959,38 2 023,62 2 087,86 2 111,95 2 136,04
65 259,0 1 638,95 1 737,29 1 753,68 1 786,46 1 835,63 1 884,79 1 9 33,96 1 999,52 2 065,08 2 130,64 2 155,22 2 179,81
70 264,4 1 673,12 1 773,51 1 790,24 1 823,70 1 873,90 1 924,09 1 9 74,29 2 041,21 2 108,14 2 175,06 2 200,16 2 225,25
75 269,4 1 704,76 1 807,05 1 824,10 1 858,19 1 909,33 1 960,48 2 0 11,62 2 079,81 2 148,00 2 216,19 2 241,76 2 267,34
80 274,2 1 735,14 1 839,25 1 856,60 1 891,30 1 943,35 1 995,41 2 0 47,46 2 116,87 2 186,27 2 255,68 2 281,71 2 307,73
85 280,5 1 775,00 1 881,50 1 899,25 1 934,75 1 988,00 2 041,25 2 0 94,50 2 165,50 2 236,51 2 307,51 2 334,13 2 360,76
90 286,9 1 815,50 1 924,43 1 942,59 1 978,90 2 033,36 2 087,83 2 1 42,29 2 214,91 2 287,53 2 360,15 2 387,39 2 414,62
95 293,2 1 855,37 1 966,69 1 985,25 2 022,35 2 078,01 2 133,68 2 1 89,34 2 263,55 2 337,77 2 411,98 2 439,81 2 467,64
100 299,8 1 897,13 2 010,96 2 029,93 2 067,88 2 124,79 2 181,70 2 2 38,62 2 314,50 2 390,39 2 466,27 2 494,73 2 523,19
105 306,7 1 940,80 2 057,25 2 076,65 2 115,47 2 173,69 2 231,92 2 2 90,14 2 367,77 2 445,40 2 523,04 2 552,15 2 581,26
110 313,9 1 986,36 2 105,54 2 125,40 2 165,13 2 224,72 2 284,31 2 3 43,90 2 423,36 2 502,81 2 582,27 2 612,06 2 641,86
115 321,7 2 035,72 2 157,86 2 178,22 2 218,93 2 280,00 2 341,08 2 4 02,15 2 483,58 2 565,00 2 646,43 2 676,97 2 707,50
120 330,6 2 092,04 2 217,56 2 238,48 2 280,32 2 343,08 2 405,84 2 4 68,60 2 552,28 2 635,97 2 719,65 2 751,03 2 782,41
125 338,9 2 144,56 2 273,23 2 294,68 2 337,57 2 401,91 2 466,24 2 5 30,58 2 616,36 2 702,14 2 787,93 2 820,10 2 852,26
130 347,1 2 196,45 2 328,24 2 350,20 2 394,13 2 460,02 2 525,92 2 5 91,81 2 679,67 2 767,53 2 855,38 2 888,33 2 921,28
135 355,7 2 250,87 2 385,92 2 408,43 2 453,45 2 520,97 2 588,50 2 6 56,03 2 746,06 2 836,10 2 926,13 2 959,89 2 993,66
140 364,5 2 306,56 2 444,95 2 468,01 2 514,15 2 583,34 2 652,54 2 7 21,74 2 814,00 2 906,26 2 998,52 3 033,12 3 067,72
145 373,6 2 364,14 2 505,99 2 529,63 2 576,91 2 647,84 2 718,76 2 7 89,69 2 884,25 2 978,82 3 073,38 3 108,85 3 144,31
150 382,8 2 422,36 2 567,70 2 591,92 2 640,37 2 713,04 2 785,71 2 8 58,38 2 955,28 3 052,17 3 149,07 3 185,40 3 221,74
155 392,1 2 481,21 2 630,08 2 654,89 2 704,52 2 778,95 2 853,39 2 9 27,83 3 027,07 3 126,32 3 225,57 3 262,79 3 300,01
160 403,0 2 550,18 2 703,20 2 728,70 2 779,70 2 856,21 2 932,71 3 0 09,22 3 111,22 3 213,23 3 315,24 3 353,49 3 391,74
165 412,7 2 611,57 2 768,26 2 794,38 2 846,61 2 924,95 3 003,30 3 0 81,65 3 186,11 3 290,57 3 395,04 3 434,21 3 473,38
170 422,8 2 675,48 2 836,01 2 862,76 2 916,27 2 996,54 3 076,80 3 1 57,06 3 264,08 3 371,10 3 478,12 3 518,25 3 558,39
175 433,3 2 741,92 2 906,44 2 933,86 2 988,70 3 070,95 3 153,21 3 2 35,47 3 345,15 3 454,82 3 564,50 3 605,63 3 646,76
180 444,0 2 809,63 2 978,21 3 006,31 3 062,50 3 146,79 3 231,08 3 3 15,37 3 427,75 3 540,14 3 652,52 3 694,67 3 736,81
185 454,9 2 878,61 3 051,32 3 080,11 3 137,68 3 224,04 3 310,40 3 3 96,76 3 511,90 3 627,05 3 742,19 3 785,37 3 828,55
190 466,1 2 949,48 3 126,45 3 155,94 3 214,93 3 303,42 3 391,90 3 4 80,39 3 598,37 3 716,35 3 834,33 3 878,57 3 922,81
195 477,6 3 022,25 3 203,59 3 233,81 3 294,26 3 384,92 3 475,59 3 5 66,26 3 687,15 3 808,04 3 928,93 3 974,26 4 019,60
200 489,3 3 096,29 3 282,07 3 313,03 3 374,96 3 467,85 3 560,73 3 6 53,62 3 777,47 3 901,33 4 025,18 4 071,62 4 118,07
205 501,5 3 173,49 3 363,90 3 395,64 3 459,11 3 554,31 3 649,52 3 7 44,72 3 871,66 3 998,60 4 125,54 4 173,14 4 220,74
210 513,9 3 251,96 3 447,08 3 479,60 3 544,64 3 642,19 3 739,75 3 8 37,31 3 967,39 4 097,47 4 227,55 4 276,33 4 325,11
215 526,5 3 331,69 3 531,59 3 564,91 3 631,54 3 731,50 3 831,45 3 9 31,40 4 064,66 4 197,93 4 331,20 4 381,17 4 431,15 1er janvier 2020


=== Page 2 ===

Echelon ECH 1 * ECH 2 * ECH 3 * ECH 4 ECH 5 ECH 6 ECH 7 ECH 8 ECH 9 ECH 10 ECH 11 ECH 12
220 539,4 3 413,32 3 618,12 3 652,26 3 720,52 3 822,92 3 925,32 4 0 27,72 4 164,25 4 300,79 4 437,32 4 488,52 4 539,72
225 552,9 3 498,75 3 708,68 3 743,66 3 813,64 3 918,60 4 023,56 4 1 28,53 4 268,48 4 408,43 4 548,38 4 600,86 4 653,34
230 566,5 3 584,81 3 799,90 3 835,75 3 907,45 4 014,99 4 122,53 4 2 30,08 4 373,47 4 516,86 4 660,26 4 714,03 4 767,80
235 580,6 3 674,04 3 894,48 3 931,22 4 004,70 4 114,92 4 225,14 4 3 35,36 4 482,32 4 629,29 4 776,25 4 831,36 4 886,47
240 598,5 3 787,31 4 014,55 4 052,42 4 128,17 4 241,78 4 355,40 4 4 69,02 4 620,52 4 772,01 4 923,50 4 980,31 5 037,12
245 613,2 3 880,33 4 113,15 4 151,95 4 229,56 4 345,97 4 462,38 4 5 78,79 4 734,00 4 889,22 5 044,43 5 102,63 5 160,84
250 628,3 3 975,88 4 214,44 4 254,19 4 333,71 4 452,99 4 572,26 4 6 91,54 4 850,58 5 009,61 5 168,65 5 228,29 5 287,92
255 643,9 4 074,60 4 319,08 4 359,82 4 441,31 4 563,55 4 685,79 4 8 08,03 4 971,01 5 133,99 5 296,98 5 358,10 5 419,22
260 659,8 4 175,21 4 425,73 4 467,48 4 550,98 4 676,24 4 801,50 4 9 26,75 5 093,76 5 260,77 5 427,78 5 490,41 5 553,04
265 676,2 4 278,99 4 535,73 4 578,52 4 664,10 4 792,47 4 920,84 5 0 49,21 5 220,37 5 391,53 5 562,69 5 626,88 5 691,06
270 692,9 4 384,67 4 647,75 4 691,60 4 779,29 4 910,83 5 042,37 5 1 73,91 5 349,30 5 524,69 5 700,07 5 765,84 5 831,61
275 709,9 4 492,25 4 761,78 4 806,70 4 896,55 5 031,32 5 166,08 5 3 00,85 5 480,54 5 660,23 5 839,92 5 907,31 5 974,69
280 727,5 4 603,62 4 879,84 4 925,87 5 017,95 5 156,05 5 294,16 5 4 32,27 5 616,42 5 800,56 5 984,71 6 053,76 6 122,81
285 744,0 4 708,03 4 990,51 5 037,59 5 131,75 5 273,00 5 414,24 5 5 55,48 5 743,80 5 932,12 6 120,44 6 191,06 6 261,68
290 760,7 4 813,71 5 102,53 5 150,67 5 246,94 5 391,35 5 535,77 5 6 80,18 5 872,73 6 065,27 6 257,82 6 330,03 6 402,23
295 777,6 4 920,65 5 215,89 5 265,10 5 363,51 5 511,13 5 658,75 5 8 06,37 6 003,20 6 200,02 6 396,85 6 470,66 6 544,47
300 794,9 5 030,13 5 331,93 5 382,24 5 482,84 5 633,74 5 784,65 5 9 35,55 6 136,76 6 337,96 6 539,17 6 614,62 6 690,07
305 812,6 5 142,13 5 450,66 5 502,08 5 604,92 5 759,19 5 913,45 6 0 67,72 6 273,40 6 479,09 6 684,77 6 761,90 6 839,04
310 830,7 5 256,67 5 572,07 5 624,64 5 729,77 5 887,47 6 045,17 6 2 02,87 6 413,14 6 623,40 6 833,67 6 912,52 6 991,37
315 849,3 5 374,37 5 696,83 5 750,58 5 858,06 6 019,29 6 180,53 6 3 41,76 6 556,73 6 771,71 6 986,68 7 067,30 7 147,91
320 868,5 5 495,87 5 825,62 5 880,58 5 990,50 6 155,37 6 320,25 6 4 85,12 6 704,96 6 924,79 7 144,63 7 227,07 7 309,50
325 887,4 5 615,47 5 952,40 6 008,55 6 120,86 6 289,32 6 457,79 6 6 26,25 6 850,87 7 075,49 7 300,11 7 384,34 7 468,57
330 906,7 5 737,60 6 081,85 6 139,23 6 253,98 6 426,11 6 598,24 6 7 70,37 6 999,87 7 229,37 7 458,88 7 544,94 7 631,00
340 929,0 5 878,71 6 231,43 6 290,22 6 407,80 6 584,16 6 760,52 6 9 36,88 7 172,03 7 407,18 7 642,33 7 730,51 7 818,69
350 949,6 6 009,07 6 369,61 6 429,70 6 549,88 6 730,16 6 910,43 7 0 90,70 7 331,06 7 571,43 7 811,79 7 901,93 7 992,06
355 971,4 6 147,02 6 515,84 6 577,31 6 700,25 6 884,66 7 069,07 7 2 53,48 7 499,36 7 745,24 7 991,12 8 083,33 8 175,54
360 993,8 6 288,77 6 666,09 6 728,98 6 854,76 7 043,42 7 232,08 7 4 20,74 7 672,30 7 923,85 8 175,40 8 269,73 8 364,06
365 1016,7 6 433,68 6 819,70 6 884,04 7 012,71 7 205,72 7 398,73 7 5 91,74 7 849,09 8 106,43 8 363,78 8 460,29 8 556,79
370 1040,0 6 581,12 6 975,99 7 041,80 7 173,42 7 370,85 7 568,29 7 7 65,72 8 028,97 8 292,21 8 555,46 8 654,17 8 752,89
CA 842,9 5 333,87 5 653,90 5 707,24 5 813,92 5 973,94 6 133,95 6 2 93,97 6 507,32 6 720,68 6 934,03 7 014,04 7 094,05
CB 862,1 5 455,37 5 782,69 5 837,24 5 946,35 6 110,01 6 273,67 6 4 37,34 6 655,55 6 873,76 7 091,98 7 173,81 7 255,64
DA 881,8 5 580,03 5 914,83 5 970,63 6 082,23 6 249,63 6 417,03 6 5 84,44 6 807,64 7 030,84 7 254,04 7 337,74 7 421,44
DB 901,4 5 704,06 6 046,30 6 103,34 6 217,42 6 388,55 6 559,67 6 7 30,79 6 958,95 7 187,11 7 415,28 7 500,84 7 586,40
EA 921,6 5 831,88 6 181,80 6 240,12 6 356,75 6 531,71 6 706,67 6 8 81,62 7 114,90 7 348,17 7 581,45 7 668,93 7 756,41
FA 951,5 6 021,09 6 382,36 6 442,57 6 562,99 6 743,62 6 924,26 7 1 04,89 7 345,73 7 586,58 7 827,42 7 917,74 8 008,05
GA 980,5 6 204,60 6 576,88 6 638,93 6 763,02 6 949,16 7 135,29 7 3 21,43 7 569,62 7 817,80 8 065,99 8 159,05 8 252,12
HA 1010,6 6 395,08 6 778,78 6 842,73 6 970,63 7 162,49 7 354,34 7 5 46,19 7 801,99 8 057,80 8 313,60 8 409,53 8 505,45
HB 1033,8 6 541,89 6 934,40 6 999,82 7 130,66 7 326,91 7 523,17 7 7 19,43 7 981,10 8 242,78 8 504,45 8 602,58 8 700,71
IA 1057,6 6 692,49 7 094,04 7 160,97 7 294,82 7 495,59 7 696,37 7 8 97,14 8 164,84 8 432,54 8 700,24 8 800,63 8 901,02
IB 1081,9 6 846,26 7 257,04 7 325,50 7 462,43 7 667,81 7 873,20 8 0 78,59 8 352,44 8 626,29 8 900,14 9 002,84 9 105,53
JA 1106,9 7 004,46 7 424,73 7 494,78 7 634,86 7 845,00 8 055,13 8 2 65,27 8 545,45 8 825,62 9 105,80 9 210,87 9 315,94
JB 1132,3 7 165,19 7 595,11 7 666,76 7 810,06 8 025,02 8 239,97 8 4 54,93 8 741,54 9 028,14 9 314,75 9 422,23 9 529,71
KA 1158,4 7 330,36 7 770,18 7 843,48 7 990,09 8 210,00 8 429,91 8 6 49,82 8 943,03 9 236,25 9 529,46 9 639,42 9 749,37
KB 1185,0 7 498,68 7 948,60 8 023,59 8 173,56 8 398,52 8 623,48 8 8 48,44 9 148,39 9 448,34 9 748,28 9 860,76 9 973,24
* Les agents relevant des échelons 1, 2 et 3 sont rém unérés l'échelon 4

=== Page 3 ===

date: SNB: 506,24 Maj. Res: 1,245
Echelon ECH 1 * ECH 2 * ECH 3 * ECH 4 ECH 5 ECH 6 ECH 7 ECH 8 ECH 9 ECH 10 ECH 11 ECH 12
NR Coeff 1,00 1,06 1,07 1,09 1,12 1,15 1,18 1,22 1,26 1,30 1,315 1,33
30 226,0 1 424,41 1 509,87 1 524,12 1 552,60 1 595,34 1 638,07 1 6 80,80 1 737,78 1 794,75 1 851,73 1 873,10 1 894,46
35 230,4 1 452,14 1 539,27 1 553,79 1 582,83 1 626,40 1 669,96 1 7 13,52 1 771,61 1 829,70 1 887,78 1 909,56 1 931,35
40 234,9 1 480,50 1 569,33 1 584,14 1 613,75 1 658,16 1 702,58 1 7 46,99 1 806,21 1 865,43 1 924,65 1 946,86 1 969,07
45 239,6 1 510,12 1 600,73 1 615,83 1 646,04 1 691,34 1 736,64 1 7 81,95 1 842,35 1 902,76 1 963,16 1 985,81 2 008,46
50 244,3 1 539,75 1 632,13 1 647,53 1 678,32 1 724,52 1 770,71 1 8 16,90 1 878,49 1 940,08 2 001,67 2 024,77 2 047,86
55 249,0 1 569,37 1 663,53 1 679,23 1 710,61 1 757,69 1 804,77 1 8 51,86 1 914,63 1 977,41 2 040,18 2 063,72 2 087,26
60 253,8 1 599,62 1 695,60 1 711,60 1 743,59 1 791,58 1 839,57 1 8 87,55 1 951,54 2 015,52 2 079,51 2 103,50 2 127,50
65 259,0 1 632,40 1 730,34 1 746,66 1 779,31 1 828,28 1 877,26 1 9 26,23 1 991,52 2 056,82 2 122,12 2 146,60 2 171,09
70 264,4 1 666,43 1 766,42 1 783,08 1 816,41 1 866,40 1 916,40 1 9 66,39 2 033,05 2 099,70 2 166,36 2 191,36 2 216,35
75 269,4 1 697,94 1 799,82 1 816,80 1 850,76 1 901,70 1 952,64 2 0 03,57 2 071,49 2 139,41 2 207,33 2 232,80 2 258,27
80 274,2 1 728,20 1 831,89 1 849,17 1 883,73 1 935,58 1 987,43 2 0 39,27 2 108,40 2 177,53 2 246,66 2 272,58 2 298,50
85 280,5 1 767,90 1 873,98 1 891,66 1 927,02 1 980,05 2 033,09 2 0 86,13 2 156,84 2 227,56 2 298,28 2 324,79 2 351,31
90 286,9 1 808,24 1 916,74 1 934,82 1 970,98 2 025,23 2 079,48 2 1 33,72 2 206,05 2 278,38 2 350,71 2 377,84 2 404,96
95 293,2 1 847,95 1 958,83 1 977,30 2 014,26 2 069,70 2 125,14 2 1 80,58 2 254,50 2 328,41 2 402,33 2 430,05 2 457,77
100 299,8 1 889,55 2 002,92 2 021,81 2 059,60 2 116,29 2 172,98 2 2 29,66 2 305,25 2 380,83 2 456,41 2 484,75 2 513,10
105 306,7 1 933,03 2 049,02 2 068,35 2 107,01 2 165,00 2 222,99 2 2 80,98 2 358,30 2 435,62 2 512,94 2 541,94 2 570,94
110 313,9 1 978,41 2 097,12 2 116,90 2 156,47 2 215,82 2 275,18 2 3 34,53 2 413,66 2 492,80 2 571,94 2 601,61 2 631,29
115 321,7 2 027,57 2 149,23 2 169,50 2 210,06 2 270,88 2 331,71 2 3 92,54 2 473,64 2 554,74 2 635,85 2 666,26 2 696,67
120 330,6 2 083,67 2 208,69 2 229,53 2 271,20 2 333,71 2 396,22 2 4 58,73 2 542,08 2 625,42 2 708,77 2 740,02 2 771,28
125 338,9 2 135,98 2 264,14 2 285,50 2 328,22 2 392,30 2 456,38 2 5 20,46 2 605,90 2 691,34 2 776,78 2 808,81 2 840,85
130 347,1 2 187,66 2 318,92 2 340,80 2 384,55 2 450,18 2 515,81 2 5 81,44 2 668,95 2 756,46 2 843,96 2 876,78 2 909,59
135 355,7 2 241,87 2 376,38 2 398,80 2 443,63 2 510,89 2 578,15 2 6 45,40 2 735,08 2 824,75 2 914,43 2 948,05 2 981,68
140 364,5 2 297,33 2 435,17 2 458,14 2 504,09 2 573,01 2 641,93 2 7 10,85 2 802,74 2 894,64 2 986,53 3 020,99 3 055,45
145 373,6 2 354,68 2 495,97 2 519,51 2 566,61 2 637,25 2 707,89 2 7 78,53 2 872,71 2 966,90 3 061,09 3 096,41 3 131,73
150 382,8 2 412,67 2 557,43 2 581,56 2 629,81 2 702,19 2 774,57 2 8 46,95 2 943,46 3 039,96 3 136,47 3 172,66 3 208,85
155 392,1 2 471,28 2 619,56 2 644,27 2 693,70 2 767,84 2 841,98 2 9 16,12 3 014,97 3 113,82 3 212,67 3 249,74 3 286,81
160 403,0 2 539,98 2 692,38 2 717,78 2 768,58 2 844,78 2 920,98 2 9 97,18 3 098,78 3 200,38 3 301,98 3 340,08 3 378,18
165 412,7 2 601,12 2 757,19 2 783,20 2 835,22 2 913,25 2 991,29 3 0 69,32 3 173,37 3 277,41 3 381,46 3 420,47 3 459,49
170 422,8 2 664,78 2 824,66 2 851,31 2 904,61 2 984,55 3 064,49 3 1 44,44 3 251,03 3 357,62 3 464,21 3 504,18 3 544,15
175 433,3 2 730,95 2 894,81 2 922,12 2 976,74 3 058,67 3 140,60 3 2 22,53 3 331,76 3 441,00 3 550,24 3 591,21 3 632,17
180 444,0 2 798,39 2 966,30 2 994,28 3 050,25 3 134,20 3 218,15 3 3 02,10 3 414,04 3 525,98 3 637,91 3 679,89 3 721,86
185 454,9 2 867,09 3 039,12 3 067,79 3 125,13 3 211,14 3 297,16 3 3 83,17 3 497,85 3 612,54 3 727,22 3 770,23 3 813,23
190 466,1 2 937,68 3 113,94 3 143,32 3 202,07 3 290,20 3 378,34 3 4 66,47 3 583,97 3 701,48 3 818,99 3 863,05 3 907,12
195 477,6 3 010,16 3 190,77 3 220,88 3 281,08 3 371,38 3 461,69 3 5 51,99 3 672,40 3 792,81 3 913,21 3 958,37 4 003,52
200 489,3 3 083,91 3 268,94 3 299,78 3 361,46 3 453,97 3 546,49 3 6 39,01 3 762,36 3 885,72 4 009,08 4 055,34 4 101,59
205 501,5 3 160,80 3 350,45 3 382,05 3 445,27 3 540,09 3 634,92 3 7 29,74 3 856,17 3 982,61 4 109,04 4 156,45 4 203,86
210 513,9 3 238,95 3 433,29 3 465,68 3 530,46 3 627,63 3 724,79 3 8 21,96 3 951,52 4 081,08 4 210,64 4 259,22 4 307,81
215 526,5 3 318,37 3 517,47 3 550,65 3 617,02 3 716,57 3 816,12 3 9 15,67 4 048,41 4 181,14 4 313,87 4 363,65 4 413,43 1er janvier 2020


=== Page 4 ===

Echelon ECH 1 * ECH 2 * ECH 3 * ECH 4 ECH 5 ECH 6 ECH 7 ECH 8 ECH 9 ECH 10 ECH 11 ECH 12
220 539,4 3 399,67 3 603,65 3 637,65 3 705,64 3 807,63 3 909,62 4 0 11,61 4 147,60 4 283,58 4 419,57 4 470,57 4 521,56
225 552,9 3 484,76 3 693,84 3 728,69 3 798,38 3 902,93 4 007,47 4 1 12,01 4 251,40 4 390,79 4 530,18 4 582,45 4 634,73
230 566,5 3 570,47 3 784,70 3 820,41 3 891,82 3 998,93 4 106,04 4 2 13,16 4 355,98 4 498,80 4 641,61 4 695,17 4 748,73
235 580,6 3 659,34 3 878,90 3 915,49 3 988,68 4 098,46 4 208,24 4 3 18,02 4 464,40 4 610,77 4 757,14 4 812,03 4 866,92
240 598,5 3 772,16 3 998,49 4 036,21 4 111,65 4 224,82 4 337,98 4 4 51,15 4 602,03 4 752,92 4 903,81 4 960,39 5 016,97
245 613,2 3 864,81 4 096,70 4 135,34 4 212,64 4 328,59 4 444,53 4 5 60,47 4 715,07 4 869,66 5 024,25 5 082,22 5 140,20
250 628,3 3 959,98 4 197,58 4 237,18 4 316,38 4 435,18 4 553,98 4 6 72,78 4 831,17 4 989,57 5 147,97 5 207,37 5 266,77
255 643,9 4 058,30 4 301,80 4 342,38 4 423,55 4 545,30 4 667,05 4 7 88,79 4 951,13 5 113,46 5 275,79 5 336,67 5 397,54
260 659,8 4 158,51 4 408,02 4 449,61 4 532,78 4 657,54 4 782,29 4 9 07,05 5 073,39 5 239,73 5 406,07 5 468,45 5 530,82
265 676,2 4 261,88 4 517,59 4 560,21 4 645,45 4 773,30 4 901,16 5 0 29,02 5 199,49 5 369,97 5 540,44 5 604,37 5 668,30
270 692,9 4 367,13 4 629,16 4 672,83 4 760,17 4 891,19 5 022,20 5 1 53,22 5 327,90 5 502,59 5 677,27 5 742,78 5 808,29
275 709,9 4 474,28 4 742,73 4 787,48 4 876,96 5 011,19 5 145,42 5 2 79,65 5 458,62 5 637,59 5 816,56 5 883,68 5 950,79
280 727,5 4 585,21 4 860,32 4 906,17 4 997,87 5 135,43 5 272,99 5 4 10,54 5 593,95 5 777,36 5 960,77 6 029,55 6 098,32
285 744,0 4 689,20 4 970,55 5 017,44 5 111,23 5 251,90 5 392,58 5 5 33,26 5 720,82 5 908,39 6 095,96 6 166,30 6 236,64
290 760,7 4 794,45 5 082,12 5 130,07 5 225,96 5 369,79 5 513,62 5 6 57,46 5 849,23 6 041,01 6 232,79 6 304,71 6 376,62
295 777,6 4 900,97 5 195,03 5 244,04 5 342,06 5 489,09 5 636,12 5 7 83,14 5 979,18 6 175,22 6 371,26 6 444,78 6 518,29
300 794,9 5 010,01 5 310,61 5 360,71 5 460,91 5 611,21 5 761,51 5 9 11,81 6 112,21 6 312,61 6 513,01 6 588,16 6 663,31
305 812,6 5 121,56 5 428,86 5 480,07 5 582,51 5 736,15 5 889,80 6 0 43,45 6 248,31 6 453,17 6 658,03 6 734,86 6 811,68
310 830,7 5 235,64 5 549,78 5 602,14 5 706,85 5 863,92 6 020,99 6 1 78,06 6 387,48 6 596,91 6 806,34 6 884,87 6 963,41
315 849,3 5 352,87 5 674,05 5 727,57 5 834,63 5 995,22 6 155,80 6 3 16,39 6 530,50 6 744,62 6 958,73 7 039,03 7 119,32
320 868,5 5 473,88 5 802,32 5 857,06 5 966,53 6 130,75 6 294,97 6 4 59,18 6 678,14 6 897,09 7 116,05 7 198,16 7 280,27
325 887,4 5 593,01 5 928,59 5 984,52 6 096,38 6 264,17 6 431,96 6 5 99,75 6 823,47 7 047,19 7 270,91 7 354,80 7 438,70
330 906,7 5 714,65 6 057,53 6 114,67 6 228,97 6 400,40 6 571,84 6 7 43,28 6 971,87 7 200,46 7 429,04 7 514,76 7 600,48
340 929,0 5 855,20 6 206,51 6 265,06 6 382,16 6 557,82 6 733,48 6 9 09,13 7 143,34 7 377,55 7 611,76 7 699,58 7 787,41
350 949,6 5 985,03 6 344,13 6 403,98 6 523,69 6 703,24 6 882,79 7 0 62,34 7 301,74 7 541,14 7 780,54 7 870,32 7 960,09
355 971,4 6 122,43 6 489,78 6 551,00 6 673,45 6 857,12 7 040,80 7 2 24,47 7 469,37 7 714,26 7 959,16 8 051,00 8 142,83
360 993,8 6 263,61 6 639,43 6 702,06 6 827,34 7 015,24 7 203,15 7 3 91,06 7 641,61 7 892,15 8 142,69 8 236,65 8 330,60
365 1016,7 6 407,94 6 792,42 6 856,50 6 984,66 7 176,90 7 369,13 7 5 61,37 7 817,69 8 074,01 8 330,33 8 426,44 8 522,56
370 1040,0 6 554,80 6 948,08 7 013,63 7 144,73 7 341,37 7 538,01 7 7 34,66 7 996,85 8 259,04 8 521,23 8 619,56 8 717,88
CA 842,9 5 312,54 5 631,29 5 684,41 5 790,66 5 950,04 6 109,42 6 2 68,79 6 481,29 6 693,80 6 906,30 6 985,98 7 065,67
CB 862,1 5 433,55 5 759,56 5 813,90 5 922,57 6 085,57 6 248,58 6 4 11,59 6 628,93 6 846,27 7 063,61 7 145,11 7 226,62
DA 881,8 5 557,71 5 891,17 5 946,75 6 057,90 6 224,64 6 391,37 6 5 58,10 6 780,41 7 002,71 7 225,02 7 308,39 7 391,75
DB 901,4 5 681,24 6 022,12 6 078,93 6 192,55 6 362,99 6 533,43 6 7 03,87 6 931,12 7 158,37 7 385,62 7 470,83 7 556,05
EA 921,6 5 808,56 6 157,07 6 215,16 6 331,33 6 505,58 6 679,84 6 8 54,10 7 086,44 7 318,78 7 551,12 7 638,25 7 725,38
FA 951,5 5 997,01 6 356,83 6 416,80 6 536,74 6 716,65 6 896,56 7 0 76,47 7 316,35 7 556,23 7 796,11 7 886,07 7 976,02
GA 980,5 6 179,79 6 550,57 6 612,37 6 735,97 6 921,36 7 106,75 7 2 92,15 7 539,34 7 786,53 8 033,72 8 126,42 8 219,11
HA 1010,6 6 369,50 6 751,67 6 815,36 6 942,75 7 133,84 7 324,92 7 5 16,01 7 770,79 8 025,57 8 280,35 8 375,89 8 471,43
HB 1033,8 6 515,72 6 906,66 6 971,82 7 102,13 7 297,61 7 493,08 7 6 88,55 7 949,18 8 209,81 8 470,43 8 568,17 8 665,91
IA 1057,6 6 665,72 7 065,67 7 132,32 7 265,64 7 465,61 7 665,58 7 8 65,55 8 132,18 8 398,81 8 665,44 8 765,43 8 865,41
IB 1081,9 6 818,88 7 228,01 7 296,20 7 432,58 7 637,14 7 841,71 8 0 46,28 8 319,03 8 591,79 8 864,54 8 966,82 9 069,11
JA 1106,9 6 976,45 7 395,03 7 464,80 7 604,33 7 813,62 8 022,91 8 2 32,21 8 511,26 8 790,32 9 069,38 9 174,03 9 278,67
JB 1132,3 7 136,53 7 564,73 7 636,09 7 778,82 7 992,92 8 207,01 8 4 21,11 8 706,57 8 992,03 9 277,49 9 384,54 9 491,59
KA 1158,4 7 301,03 7 739,10 7 812,11 7 958,13 8 177,16 8 396,19 8 6 15,22 8 907,26 9 199,30 9 491,34 9 600,86 9 710,37
KB 1185,0 7 468,69 7 916,81 7 991,49 8 140,87 8 364,93 8 588,99 8 8 13,05 9 111,80 9 410,54 9 709,29 9 821,32 9 933,35
* Les agents relevant des échelons 1, 2 et 3 sont rém unérés l'échelon 4

=== Page 5 ===

date: SNB: 506,24 Maj. Res: 1,24
Echelon ECH 1 * ECH 2 * ECH 3 * ECH 4 ECH 5 ECH 6 ECH 7 ECH 8 ECH 9 ECH 10 ECH 11 ECH 12
NR Coeff 1,00 1,06 1,07 1,09 1,12 1,15 1,18 1,22 1,26 1,30 1,315 1,33
30 226,0 1 418,69 1 503,81 1 518,00 1 546,37 1 588,93 1 631,49 1 6 74,05 1 730,80 1 787,55 1 844,29 1 865,57 1 886,85
35 230,4 1 446,31 1 533,09 1 547,55 1 576,48 1 619,86 1 663,25 1 7 06,64 1 764,50 1 822,35 1 880,20 1 901,89 1 923,59
40 234,9 1 474,56 1 563,03 1 577,77 1 607,27 1 651,50 1 695,74 1 7 39,98 1 798,96 1 857,94 1 916,92 1 939,04 1 961,16
45 239,6 1 504,06 1 594,30 1 609,34 1 639,42 1 684,55 1 729,67 1 7 74,79 1 834,95 1 895,11 1 955,28 1 977,84 2 000,40
50 244,3 1 533,56 1 625,58 1 640,91 1 671,58 1 717,59 1 763,60 1 8 09,60 1 870,95 1 932,29 1 993,63 2 016,64 2 039,64
55 249,0 1 563,07 1 656,85 1 672,48 1 703,74 1 750,63 1 797,53 1 8 44,42 1 906,94 1 969,46 2 031,99 2 055,43 2 078,88
60 253,8 1 593,20 1 688,79 1 704,72 1 736,59 1 784,38 1 832,18 1 8 79,97 1 943,70 2 007,43 2 071,16 2 095,06 2 118,95
65 259,0 1 625,84 1 723,39 1 739,65 1 772,17 1 820,94 1 869,72 1 9 18,49 1 983,53 2 048,56 2 113,59 2 137,98 2 162,37
70 264,4 1 659,74 1 759,32 1 775,92 1 809,11 1 858,91 1 908,70 1 9 58,49 2 024,88 2 091,27 2 157,66 2 182,56 2 207,45
75 269,4 1 691,13 1 792,59 1 809,50 1 843,33 1 894,06 1 944,79 1 9 95,53 2 063,17 2 130,82 2 198,46 2 223,83 2 249,20
80 274,2 1 721,26 1 824,53 1 841,74 1 876,17 1 927,81 1 979,44 2 0 31,08 2 099,93 2 168,78 2 237,63 2 263,45 2 289,27
85 280,5 1 760,80 1 866,45 1 884,06 1 919,28 1 972,10 2 024,92 2 0 77,75 2 148,18 2 218,61 2 289,05 2 315,46 2 341,87
90 286,9 1 800,98 1 909,04 1 927,05 1 963,07 2 017,10 2 071,13 2 1 25,16 2 197,19 2 269,23 2 341,27 2 368,29 2 395,30
95 293,2 1 840,53 1 950,96 1 969,36 2 006,17 2 061,39 2 116,61 2 1 71,82 2 245,44 2 319,06 2 392,68 2 420,29 2 447,90
100 299,8 1 881,96 1 994,87 2 013,69 2 051,33 2 107,79 2 164,25 2 2 20,71 2 295,99 2 371,27 2 446,54 2 474,77 2 503,00
105 306,7 1 925,27 2 040,79 2 060,04 2 098,55 2 156,30 2 214,06 2 2 71,82 2 348,83 2 425,84 2 502,85 2 531,73 2 560,61
110 313,9 1 970,47 2 088,70 2 108,40 2 147,81 2 206,92 2 266,04 2 3 25,15 2 403,97 2 482,79 2 561,61 2 591,17 2 620,72
115 321,7 2 019,43 2 140,60 2 160,79 2 201,18 2 261,76 2 322,35 2 3 82,93 2 463,71 2 544,48 2 625,26 2 655,55 2 685,84
120 330,6 2 075,30 2 199,82 2 220,57 2 262,08 2 324,34 2 386,60 2 4 48,85 2 531,87 2 614,88 2 697,89 2 729,02 2 760,15
125 338,9 2 127,40 2 255,05 2 276,32 2 318,87 2 382,69 2 446,51 2 5 10,34 2 595,43 2 680,53 2 765,62 2 797,53 2 829,45
130 347,1 2 178,88 2 309,61 2 331,40 2 374,98 2 440,34 2 505,71 2 5 71,08 2 658,23 2 745,39 2 832,54 2 865,22 2 897,91
135 355,7 2 232,86 2 366,83 2 389,16 2 433,82 2 500,81 2 567,79 2 6 34,78 2 724,09 2 813,41 2 902,72 2 936,21 2 969,71
140 364,5 2 288,10 2 425,39 2 448,27 2 494,03 2 562,68 2 631,32 2 6 99,96 2 791,49 2 883,01 2 974,53 3 008,86 3 043,18
145 373,6 2 345,23 2 485,94 2 509,39 2 556,30 2 626,65 2 697,01 2 7 67,37 2 861,18 2 954,99 3 048,80 3 083,97 3 119,15
150 382,8 2 402,98 2 547,16 2 571,19 2 619,25 2 691,34 2 763,43 2 8 35,52 2 931,64 3 027,75 3 123,87 3 159,92 3 195,96
155 392,1 2 461,36 2 609,04 2 633,65 2 682,88 2 756,72 2 830,56 2 9 04,40 3 002,86 3 101,31 3 199,77 3 236,69 3 273,61
160 403,0 2 529,78 2 681,57 2 706,87 2 757,46 2 833,36 2 909,25 2 9 85,14 3 086,33 3 187,53 3 288,72 3 326,66 3 364,61
165 412,7 2 590,67 2 746,11 2 772,02 2 823,83 2 901,55 2 979,27 3 0 56,99 3 160,62 3 264,25 3 367,87 3 406,74 3 445,60
170 422,8 2 654,07 2 813,32 2 839,86 2 892,94 2 972,56 3 052,19 3 1 31,81 3 237,97 3 344,13 3 450,30 3 490,11 3 529,92
175 433,3 2 719,99 2 883,19 2 910,39 2 964,79 3 046,39 3 127,99 3 2 09,58 3 318,38 3 427,18 3 535,98 3 576,78 3 617,58
180 444,0 2 787,15 2 954,38 2 982,26 3 038,00 3 121,61 3 205,23 3 2 88,84 3 400,33 3 511,82 3 623,30 3 665,11 3 706,92
185 454,9 2 855,58 3 026,91 3 055,47 3 112,58 3 198,25 3 283,92 3 3 69,58 3 483,81 3 598,03 3 712,25 3 755,09 3 797,92
190 466,1 2 925,88 3 101,44 3 130,70 3 189,21 3 276,99 3 364,77 3 4 52,54 3 569,58 3 686,62 3 803,65 3 847,54 3 891,43
195 477,6 2 998,07 3 177,96 3 207,94 3 267,90 3 357,84 3 447,79 3 5 37,73 3 657,65 3 777,57 3 897,50 3 942,47 3 987,44
200 489,3 3 071,52 3 255,81 3 286,53 3 347,96 3 440,10 3 532,25 3 6 24,39 3 747,25 3 870,12 3 992,98 4 039,05 4 085,12
205 501,5 3 148,10 3 336,99 3 368,47 3 431,43 3 525,88 3 620,32 3 7 14,76 3 840,69 3 966,61 4 092,54 4 139,76 4 186,98
210 513,9 3 225,94 3 419,50 3 451,76 3 516,28 3 613,06 3 709,84 3 8 06,61 3 935,65 4 064,69 4 193,73 4 242,12 4 290,50
215 526,5 3 305,04 3 503,34 3 536,39 3 602,49 3 701,64 3 800,79 3 8 99,95 4 032,15 4 164,35 4 296,55 4 346,13 4 395,70 1er janvier 2020


=== Page 6 ===

Echelon ECH 1 * ECH 2 * ECH 3 * ECH 4 ECH 5 ECH 6 ECH 7 ECH 8 ECH 9 ECH 10 ECH 11 ECH 12
220 539,4 3 386,02 3 589,18 3 623,04 3 690,76 3 792,34 3 893,92 3 9 95,50 4 130,94 4 266,38 4 401,82 4 452,61 4 503,40
225 552,9 3 470,76 3 679,01 3 713,71 3 783,13 3 887,25 3 991,38 4 0 95,50 4 234,33 4 373,16 4 511,99 4 564,05 4 616,11
230 566,5 3 556,13 3 769,50 3 805,06 3 876,19 3 982,87 4 089,55 4 1 96,24 4 338,48 4 480,73 4 622,97 4 676,32 4 729,66
235 580,6 3 644,64 3 863,32 3 899,77 3 972,66 4 082,00 4 191,34 4 3 00,68 4 446,47 4 592,25 4 738,04 4 792,71 4 847,38
240 598,5 3 757,01 3 982,43 4 020,00 4 095,14 4 207,85 4 320,56 4 4 33,27 4 583,55 4 733,83 4 884,11 4 940,47 4 996,82
245 613,2 3 849,29 4 080,24 4 118,74 4 195,72 4 311,20 4 426,68 4 5 42,16 4 696,13 4 850,10 5 004,07 5 061,81 5 119,55
250 628,3 3 944,08 4 180,72 4 220,16 4 299,04 4 417,36 4 535,69 4 6 54,01 4 811,77 4 969,53 5 127,30 5 186,46 5 245,62
255 643,9 4 042,00 4 284,52 4 324,94 4 405,78 4 527,04 4 648,30 4 7 69,56 4 931,24 5 092,92 5 254,60 5 315,23 5 375,86
260 659,8 4 141,81 4 390,32 4 431,74 4 514,58 4 638,83 4 763,08 4 8 87,34 5 053,01 5 218,68 5 384,36 5 446,48 5 508,61
265 676,2 4 244,76 4 499,45 4 541,89 4 626,79 4 754,13 4 881,48 5 0 08,82 5 178,61 5 348,40 5 518,19 5 581,86 5 645,53
270 692,9 4 349,59 4 610,57 4 654,07 4 741,06 4 871,55 5 002,03 5 1 32,52 5 306,50 5 480,49 5 654,47 5 719,72 5 784,96
275 709,9 4 456,31 4 723,69 4 768,25 4 857,38 4 991,07 5 124,76 5 2 58,44 5 436,70 5 614,95 5 793,20 5 860,05 5 926,89
280 727,5 4 566,79 4 840,80 4 886,47 4 977,80 5 114,81 5 251,81 5 3 88,81 5 571,49 5 754,16 5 936,83 6 005,33 6 073,83
285 744,0 4 670,37 4 950,59 4 997,29 5 090,70 5 230,81 5 370,92 5 5 11,03 5 697,85 5 884,66 6 071,48 6 141,53 6 211,59
290 760,7 4 775,20 5 061,71 5 109,46 5 204,97 5 348,22 5 491,48 5 6 34,74 5 825,74 6 016,75 6 207,76 6 279,39 6 351,02
295 777,6 4 881,29 5 174,16 5 222,98 5 320,60 5 467,04 5 613,48 5 7 59,92 5 955,17 6 150,42 6 345,67 6 418,89 6 492,11
300 794,9 4 989,89 5 289,28 5 339,18 5 438,98 5 588,67 5 738,37 5 8 88,07 6 087,66 6 287,26 6 486,85 6 561,70 6 636,55
305 812,6 5 101,00 5 407,06 5 458,07 5 560,09 5 713,12 5 866,15 6 0 19,17 6 223,21 6 427,25 6 631,29 6 707,81 6 784,32
310 830,7 5 214,62 5 527,49 5 579,64 5 683,93 5 840,37 5 996,81 6 1 53,25 6 361,83 6 570,42 6 779,00 6 857,22 6 935,44
315 849,3 5 331,38 5 651,26 5 704,57 5 811,20 5 971,14 6 131,08 6 2 91,02 6 504,28 6 717,53 6 930,79 7 010,76 7 090,73
320 868,5 5 451,90 5 779,02 5 833,53 5 942,57 6 106,13 6 269,69 6 4 33,24 6 651,32 6 869,40 7 087,47 7 169,25 7 251,03
325 887,4 5 570,54 5 904,78 5 960,48 6 071,89 6 239,01 6 406,12 6 5 73,24 6 796,06 7 018,88 7 241,71 7 325,26 7 408,82
330 906,7 5 691,70 6 033,20 6 090,12 6 203,95 6 374,70 6 545,45 6 7 16,20 6 943,87 7 171,54 7 399,21 7 484,58 7 569,96
340 929,0 5 831,68 6 181,58 6 239,90 6 356,53 6 531,48 6 706,43 6 8 81,39 7 114,65 7 347,92 7 581,19 7 668,66 7 756,14
350 949,6 5 961,00 6 318,66 6 378,27 6 497,49 6 676,32 6 855,15 7 0 33,98 7 272,42 7 510,86 7 749,30 7 838,71 7 928,13
355 971,4 6 097,84 6 463,71 6 524,69 6 646,65 6 829,58 7 012,52 7 1 95,45 7 439,37 7 683,28 7 927,20 8 018,66 8 110,13
360 993,8 6 238,46 6 612,76 6 675,15 6 799,92 6 987,07 7 174,22 7 3 61,38 7 610,92 7 860,45 8 109,99 8 203,57 8 297,15
365 1016,7 6 382,21 6 765,14 6 828,96 6 956,61 7 148,07 7 339,54 7 5 31,01 7 786,29 8 041,58 8 296,87 8 392,60 8 488,34
370 1040,0 6 528,47 6 920,18 6 985,46 7 116,03 7 311,89 7 507,74 7 7 03,60 7 964,73 8 225,87 8 487,01 8 584,94 8 682,87
CA 842,9 5 291,20 5 608,67 5 661,58 5 767,41 5 926,14 6 084,88 6 2 43,62 6 455,26 6 666,91 6 878,56 6 957,93 7 037,30
CB 862,1 5 411,73 5 736,43 5 790,55 5 898,78 6 061,13 6 223,48 6 3 85,84 6 602,31 6 818,77 7 035,24 7 116,42 7 197,60
DA 881,8 5 535,39 5 867,51 5 922,87 6 033,58 6 199,64 6 365,70 6 5 31,76 6 753,18 6 974,59 7 196,01 7 279,04 7 362,07
DB 901,4 5 658,43 5 997,93 6 054,52 6 167,69 6 337,44 6 507,19 6 6 76,94 6 903,28 7 129,62 7 355,95 7 440,83 7 525,71
EA 921,6 5 785,23 6 132,34 6 190,20 6 305,90 6 479,46 6 653,01 6 8 26,57 7 057,98 7 289,39 7 520,80 7 607,58 7 694,36
FA 951,5 5 972,92 6 331,30 6 391,03 6 510,49 6 689,67 6 868,86 7 0 48,05 7 286,97 7 525,88 7 764,80 7 854,39 7 943,99
GA 980,5 6 154,97 6 524,27 6 585,81 6 708,91 6 893,56 7 078,21 7 2 62,86 7 509,06 7 755,26 8 001,46 8 093,78 8 186,11
HA 1010,6 6 343,92 6 724,55 6 787,99 6 914,87 7 105,19 7 295,50 7 4 85,82 7 739,58 7 993,33 8 247,09 8 342,25 8 437,41
HB 1033,8 6 489,55 6 878,92 6 943,82 7 073,61 7 268,30 7 462,98 7 6 57,67 7 917,25 8 176,83 8 436,42 8 533,76 8 631,10
IA 1057,6 6 638,95 7 037,29 7 103,68 7 236,46 7 435,63 7 634,80 7 8 33,96 8 099,52 8 365,08 8 630,64 8 730,22 8 829,81
IB 1081,9 6 791,49 7 198,98 7 266,90 7 402,73 7 606,47 7 810,22 8 0 13,96 8 285,62 8 557,28 8 828,94 8 930,81 9 032,69
JA 1106,9 6 948,43 7 365,33 7 434,82 7 573,79 7 782,24 7 990,69 8 1 99,14 8 477,08 8 755,02 9 032,96 9 137,18 9 241,41
JB 1132,3 7 107,87 7 534,35 7 605,42 7 747,58 7 960,82 8 174,05 8 3 87,29 8 671,60 8 955,92 9 240,23 9 346,85 9 453,47
KA 1158,4 7 271,71 7 708,02 7 780,73 7 926,17 8 144,32 8 362,47 8 5 80,62 8 871,49 9 162,36 9 453,23 9 562,30 9 671,38
KB 1185,0 7 438,69 7 885,01 7 959,40 8 108,17 8 331,33 8 554,49 8 7 77,65 9 075,20 9 372,75 9 670,30 9 781,88 9 893,46
* Les agents relevant des échelons 1, 2 et 3 sont rém unérés l'échelon 4