=== Page 1 ===

date: SNB: 502,71 Maj. Res: 1,25

Echelon ECH 1 * ECH 2 * ECH 3 * ECH 4 ECH 5 ECH 6 ECH 7 ECH 8 ECH 9 ECH 10 ECH 11 ECH 12
NR Coeff 1,00 1,06 1,07 1,09 1,12 1,15 1,18 1,22 1,26 1,30 1,315 1,33
30 223,8 1 406,33 1 490,71 1 504,77 1 532,90 1 575,09 1 617,28 1 659,47 1 715,72 1 771,98 1 828,23 1 849,33 1 870,42
35 228,1 1 433,35 1 519,35 1 533,69 1 562,35 1 605,35 1 648,35 1 691,36 1 748,69 1 806,02 1 863,36 1 884,86 1 906,36
40 232,6 1 461,63 1 549,33 1 563,94 1 593,18 1 637,02 1 680,87 1 724,72 1 783,19 1 841,65 1 900,12 1 922,04 1 943,97
45 237,2 1 490,54 1 579,97 1 594,87 1 624,68 1 669,40 1 714,12 1 758,83 1 818,45 1 878,07 1 937,70 1 960,05 1 982,41
50 241,9 1 520,07 1 611,27 1 626,47 1 656,88 1 702,48 1 748,08 1 793,68 1 854,48 1 915,29 1 976,09 1 998,89 2 021,69
55 246,5 1 548,98 1 641,91 1 657,40 1 688,38 1 734,85 1 781,32 1 827,79 1 889,75 1 951,71 2 013,67 2 036,90 2 060,14
60 251,3 1 579,14 1 673,89 1 689,68 1 721,26 1 768,63 1 816,01 1 863,38 1 926,55 1 989,71 2 052,88 2 076,57 2 100,25
65 256,4 1 611,19 1 707,86 1 723,97 1 756,19 1 804,53 1 852,86 1 901,20 1 965,65 2 030,09 2 094,54 2 118,71 2 142,88
70 261,8 1 645,12 1 743,83 1 760,28 1 793,18 1 842,53 1 891,89 1 941,24 2 007,04 2 072,85 2 138,65 2 163,33 2 188,01
75 266,7 1 675,91 1 776,46 1 793,22 1 826,74 1 877,02 1 927,30 1 977,57 2 044,61 2 111,65 2 178,68 2 203,82 2 228,96
80 271,5 1 706,07 1 808,44 1 825,50 1 859,62 1 910,80 1 961,98 2 013,17 2 081,41 2 149,65 2 217,89 2 243,48 2 269,08
85 277,7 1 745,03 1 849,73 1 867,18 1 902,08 1 954,44 2 006,79 2 059,14 2 128,94 2 198,74 2 268,54 2 294,72 2 320,89
90 284,1 1 785,25 1 892,36 1 910,22 1 945,92 1 999,48 2 053,04 2 106,59 2 178,00 2 249,41 2 320,82 2 347,60 2 374,38
95 290,3 1 824,21 1 933,66 1 951,90 1 988,39 2 043,11 2 097,84 2 152,57 2 225,53 2 298,50 2 371,47 2 398,83 2 426,20
100 296,8 1 865,05 1 976,96 1 995,61 2 032,91 2 088,86 2 144,81 2 200,76 2 275,37 2 349,97 2 424,57 2 452,55 2 480,52
105 303,7 1 908,41 2 022,92 2 042,00 2 080,17 2 137,42 2 194,67 2 251,93 2 328,26 2 404,60 2 480,94 2 509,56 2 538,19
110 310,8 1 953,03 2 070,21 2 089,74 2 128,80 2 187,39 2 245,98 2 304,57 2 382,69 2 460,82 2 538,94 2 568,23 2 597,53
115 318,5 2 001,41 2 121,50 2 141,51 2 181,54 2 241,58 2 301,63 2 361,67 2 441,73 2 521,78 2 601,84 2 631,86 2 661,88
120 327,3 2 056,71 2 180,12 2 200,68 2 241,82 2 303,52 2 365,22 2 426,92 2 509,19 2 591,46 2 673,73 2 704,58 2 735,43
125 335,5 2 108,24 2 234,73 2 255,82 2 297,98 2 361,23 2 424,48 2 487,72 2 572,05 2 656,38 2 740,71 2 772,34 2 803,96
130 343,7 2 159,77 2 289,35 2 310,95 2 354,15 2 418,94 2 483,73 2 548,53 2 634,92 2 721,31 2 807,70 2 840,09 2 872,49
135 352,2 2 213,18 2 345,97 2 368,10 2 412,37 2 478,76 2 545,16 2 611,55 2 700,08 2 788,61 2 877,14 2 910,33 2 943,53
140 360,9 2 267,85 2 403,92 2 426,60 2 471,96 2 539,99 2 608,03 2 676,06 2 766,78 2 857,49 2 948,21 2 982,22 3 016,24
145 369,9 2 324,41 2 463,87 2 487,11 2 533,60 2 603,33 2 673,07 2 742,80 2 835,77 2 928,75 3 021,73 3 056,59 3 091,46
150 379,0 2 381,59 2 524,48 2 548,30 2 595,93 2 667,38 2 738,83 2 810,27 2 905,54 3 000,80 3 096,07 3 131,79 3 167,51
155 388,2 2 439,40 2 585,76 2 610,16 2 658,95 2 732,13 2 805,31 2 878,49 2 976,07 3 073,64 3 171,22 3 207,81 3 244,40
160 399,0 2 507,27 2 657,70 2 682,77 2 732,92 2 808,14 2 883,36 2 958,57 3 058,86 3 159,16 3 259,45 3 297,05 3 334,66
165 408,6 2 567,59 2 721,65 2 747,32 2 798,67 2 875,70 2 952,73 3 029,76 3 132,46 3 235,17 3 337,87 3 376,38 3 414,90
170 418,6 2 630,43 2 788,26 2 814,56 2 867,17 2 946,08 3 024,99 3 103,91 3 209,12 3 314,34 3 419,56 3 459,02 3 498,47
175 429,0 2 695,78 2 857,53 2 884,49 2 938,40 3 019,28 3 100,15 3 181,02 3 288,85 3 396,69 3 504,52 3 544,95 3 585,39
180 439,6 2 762,39 2 928,13 2 955,76 3 011,01 3 093,88 3 176,75 3 259,62 3 370,12 3 480,61 3 591,11 3 632,54 3 673,98
185 450,4 2 830,26 3 000,07 3 028,38 3 084,98 3 169,89 3 254,80 3 339,70 3 452,91 3 566,12 3 679,33 3 721,79 3 764,24
190 461,5 2 900,01 3 074,01 3 103,01 3 161,01 3 248,01 3 335,01 3 422,01 3 538,01 3 654,01 3 770,01 3 813,51 3 857,01
195 472,9 2 971,64 3 149,94 3 179,66 3 239,09 3 328,24 3 417,39 3 506,54 3 625,41 3 744,27 3 863,14 3 907,71 3 952,29
200 484,5 3 044,54 3 227,21 3 257,66 3 318,55 3 409,88 3 501,22 3 592,55 3 714,34 3 836,12 3 957,90 4 003,57 4 049,23
205 496,5 3 119,94 3 307,14 3 338,34 3 400,74 3 494,34 3 587,94 3 681,53 3 806,33 3 931,13 4 055,93 4 102,73 4 149,53
210 508,8 3 197,24 3 389,07 3 421,04 3 484,99 3 580,90 3 676,82 3 772,74 3 900,63 4 028,52 4 156,41 4 204,36 4 252,32
215 521,3 3 275,78 3 472,33 3 505,09 3 570,60 3 668,88 3 767,15 3 865,43 3 996,46 4 127,49 4 258,52 4 307,66 4 356,791er janvier 2017


=== Page 2 ===

Echelon ECH 1 * ECH 2 * ECH 3 * ECH 4 ECH 5 ECH 6 ECH 7 ECH 8 ECH 9 ECH 10 ECH 11 ECH 12
Echelon ECH 1 * ECH 2 * ECH 3 * ECH 4 ECH 5 ECH 6 ECH 7 ECH 8 ECH 9 ECH 10 ECH 11 ECH 12
220 534,1 3 356,22 3 557,59 3 591,15 3 658,28 3 758,96 3 859,65 3 960,34 4 094,59 4 228,83 4 363,08 4 413,43 4 463,77
225 547,4 3 439,79 3 646,18 3 680,58 3 749,37 3 852,57 3 955,76 4 058,96 4 196,55 4 334,14 4 471,73 4 523,33 4 574,92
230 560,9 3 524,63 3 736,10 3 771,35 3 841,84 3 947,58 4 053,32 4 159,06 4 300,04 4 441,03 4 582,01 4 634,88 4 687,75
235 574,9 3 612,60 3 829,36 3 865,48 3 937,73 4 046,11 4 154,49 4 262,87 4 407,37 4 551,88 4 696,38 4 750,57 4 804,76
240 592,6 3 723,82 3 947,25 3 984,49 4 058,97 4 170,68 4 282,40 4 394,11 4 543,07 4 692,02 4 840,97 4 896,83 4 952,69
245 607,1 3 814,94 4 043,84 4 081,99 4 158,29 4 272,73 4 387,18 4 501,63 4 654,23 4 806,83 4 959,42 5 016,65 5 073,87
250 622,1 3 909,20 4 143,75 4 182,84 4 261,03 4 378,30 4 495,58 4 612,85 4 769,22 4 925,59 5 081,96 5 140,60 5 199,23
255 637,5 4 005,97 4 246,33 4 286,39 4 366,51 4 486,69 4 606,87 4 727,04 4 887,28 5 047,52 5 207,76 5 267,85 5 327,94
260 653,3 4 105,26 4 351,57 4 392,62 4 474,73 4 597,89 4 721,04 4 844,20 5 008,41 5 172,62 5 336,83 5 398,41 5 459,99
265 669,5 4 207,05 4 459,48 4 501,55 4 585,69 4 711,90 4 838,11 4 964,32 5 132,61 5 300,89 5 469,17 5 532,28 5 595,38
270 686,0 4 310,74 4 569,38 4 612,49 4 698,70 4 828,03 4 957,35 5 086,67 5 259,10 5 431,53 5 603,96 5 668,62 5 733,28
275 702,9 4 416,94 4 681,95 4 726,12 4 814,46 4 946,97 5 079,48 5 211,98 5 388,66 5 565,34 5 742,02 5 808,27 5 874,52
280 720,3 4 526,28 4 797,85 4 843,11 4 933,64 5 069,43 5 205,22 5 341,00 5 522,06 5 703,11 5 884,16 5 952,05 6 019,95
285 736,6 4 628,70 4 906,42 4 952,71 5 045,29 5 184,15 5 323,01 5 461,87 5 647,02 5 832,16 6 017,31 6 086,74 6 156,17
290 753,2 4 733,01 5 017,00 5 064,33 5 158,99 5 300,98 5 442,97 5 584,96 5 774,28 5 963,60 6 152,92 6 223,91 6 294,91
295 769,9 4 837,96 5 128,23 5 176,61 5 273,37 5 418,51 5 563,65 5 708,79 5 902,31 6 095,82 6 289,34 6 361,91 6 434,48
300 787,0 4 945,41 5 242,13 5 291,59 5 390,50 5 538,86 5 687,22 5 835,58 6 033,40 6 231,22 6 429,03 6 503,21 6 577,39
305 804,6 5 056,01 5 359,37 5 409,93 5 511,05 5 662,73 5 814,41 5 966,09 6 168,33 6 370,57 6 572,81 6 648,65 6 724,49
310 822,5 5 168,49 5 478,60 5 530,28 5 633,65 5 788,71 5 943,76 6 098,81 6 305,55 6 512,29 6 719,03 6 796,56 6 874,09
315 840,9 5 284,11 5 601,16 5 654,00 5 759,68 5 918,20 6 076,73 6 235,25 6 446,61 6 657,98 6 869,34 6 948,61 7 027,87
320 859,9 5 403,50 5 727,71 5 781,75 5 889,82 6 051,92 6 214,03 6 376,13 6 592,28 6 808,42 7 024,56 7 105,61 7 186,66
325 878,6 5 521,01 5 852,27 5 907,48 6 017,90 6 183,53 6 349,16 6 514,79 6 735,64 6 956,48 7 177,32 7 260,13 7 342,95
330 897,7 5 641,03 5 979,50 6 035,91 6 148,73 6 317,96 6 487,19 6 656,42 6 882,06 7 107,70 7 333,34 7 417,96 7 502,58
340 919,8 5 779,91 6 126,70 6 184,50 6 300,10 6 473,50 6 646,89 6 820,29 7 051,49 7 282,68 7 513,88 7 600,58 7 687,28
350 940,2 5 908,10 6 262,59 6 321,67 6 439,83 6 617,07 6 794,31 6 971,56 7 207,88 7 444,21 7 680,53 7 769,15 7 857,77
355 961,8 6 043,83 6 406,46 6 466,90 6 587,78 6 769,09 6 950,41 7 131,72 7 373,47 7 615,23 7 856,98 7 947,64 8 038,30
360 984,0 6 183,33 6 554,33 6 616,17 6 739,83 6 925,33 7 110,83 7 296,33 7 543,67 7 791,00 8 038,33 8 131,08 8 223,83
365 1006,6 6 325,35 6 704,87 6 768,12 6 894,63 7 084,39 7 274,15 7 463,91 7 716,93 7 969,94 8 222,95 8 317,83 8 412,71
370 1029,7 6 470,51 6 858,74 6 923,44 7 052,85 7 246,97 7 441,08 7 635,20 7 894,02 8 152,84 8 411,66 8 508,72 8 605,77
CA 834,6 5 244,52 5 559,19 5 611,64 5 716,53 5 873,86 6 031,20 6 188,54 6 398,32 6 608,10 6 817,88 6 896,55 6 975,21
CB 853,6 5 363,92 5 685,75 5 739,39 5 846,67 6 007,59 6 168,50 6 329,42 6 543,98 6 758,53 6 973,09 7 053,55 7 134,01
DA 873,1 5 486,45 5 815,64 5 870,50 5 980,23 6 144,83 6 309,42 6 474,01 6 693,47 6 912,93 7 132,39 7 214,68 7 296,98
DB 892,5 5 608,36 5 944,86 6 000,94 6 113,11 6 281,36 6 449,61 6 617,86 6 842,20 7 066,53 7 290,87 7 374,99 7 459,12
EA 912,5 5 734,04 6 078,08 6 135,42 6 250,10 6 422,12 6 594,14 6 766,16 6 995,52 7 224,89 7 454,25 7 540,26 7 626,27
FA 942,1 5 920,04 6 275,24 6 334,44 6 452,84 6 630,44 6 808,04 6 985,65 7 222,45 7 459,25 7 696,05 7 784,85 7 873,65
GA 970,8 6 100,39 6 466,41 6 527,41 6 649,42 6 832,43 7 015,44 7 198,46 7 442,47 7 686,49 7 930,50 8 022,01 8 113,51
HA 1000,6 6 287,65 6 664,90 6 727,78 6 853,53 7 042,16 7 230,79 7 419,42 7 670,93 7 922,43 8 173,94 8 268,25 8 362,57
HB 1023,6 6 432,17 6 818,10 6 882,43 7 011,07 7 204,04 7 397,00 7 589,97 7 847,25 8 104,54 8 361,83 8 458,31 8 554,79
IA 1047,1 6 579,85 6 974,64 7 040,43 7 172,03 7 369,43 7 566,82 7 764,22 8 027,41 8 290,61 8 553,80 8 652,50 8 751,19
IB 1071,2 6 731,29 7 135,16 7 202,48 7 337,10 7 539,04 7 740,98 7 942,92 8 212,17 8 481,42 8 750,67 8 851,64 8 952,61
JA 1095,9 6 886,50 7 299,69 7 368,55 7 506,28 7 712,88 7 919,47 8 126,07 8 401,53 8 676,99 8 952,45 9 055,75 9 159,04
JB 1121,1 7 044,85 7 467,54 7 537,99 7 678,89 7 890,23 8 101,58 8 312,93 8 594,72 8 876,51 9 158,31 9 263,98 9 369,65
KA 1146,9 7 206,98 7 639,39 7 711,46 7 855,60 8 071,81 8 288,02 8 504,23 8 792,51 9 080,79 9 369,07 9 477,17 9 585,28
KB 1173,3 7 372,87 7 815,24 7 888,97 8 036,43 8 257,62 8 478,80 8 699,99 8 994,90 9 289,82 9 584,73 9 695,32 9 805,92
* Les agents relevant des échelons 1, 2 et 3 sont rémunérés l'échelon 4

=== Page 3 ===

date: SNB: 502,71 Maj. Res: 1,245
Echelon ECH 1 * ECH 2 * ECH 3 * ECH 4 ECH 5 ECH 6 ECH 7 ECH 8 ECH 9 ECH 10 ECH 11 ECH 12
NR Coeff 1,00 1,06 1,07 1,09 1,12 1,15 1,18 1,22 1,26 1,30 1,315 1,33
30 223,8 1 400,71 1 484,75 1 498,76 1 526,77 1 568,79 1 610,81 1 652,83 1 708,86 1 764,89 1 820,92 1 841,93 1 862,94
35 228,1 1 427,62 1 513,28 1 527,55 1 556,10 1 598,93 1 641,76 1 684,59 1 741,69 1 798,80 1 855,90 1 877,32 1 898,73
40 232,6 1 455,78 1 543,13 1 557,69 1 586,80 1 630,48 1 674,15 1 717,82 1 776,06 1 834,29 1 892,52 1 914,35 1 936,19
45 237,2 1 484,57 1 573,65 1 588,49 1 618,18 1 662,72 1 707,26 1 751,80 1 811,18 1 870,56 1 929,94 1 952,21 1 974,48
50 241,9 1 513,99 1 604,83 1 619,97 1 650,25 1 695,67 1 741,09 1 786,51 1 847,07 1 907,63 1 968,19 1 990,90 2 013,61
55 246,5 1 542,78 1 635,35 1 650,77 1 681,63 1 727,91 1 774,20 1 820,48 1 882,19 1 943,90 2 005,61 2 028,75 2 051,90
60 251,3 1 572,82 1 667,19 1 682,92 1 714,38 1 761,56 1 808,74 1 855,93 1 918,84 1 981,75 2 044,67 2 068,26 2 091,85
65 256,4 1 604,74 1 701,03 1 717,07 1 749,17 1 797,31 1 845,45 1 893,59 1 957,78 2 021,97 2 086,16 2 110,23 2 134,31
70 261,8 1 638,54 1 736,85 1 753,24 1 786,01 1 835,16 1 884,32 1 933,47 1 999,02 2 064,56 2 130,10 2 154,68 2 179,26
75 266,7 1 669,21 1 769,36 1 786,05 1 819,43 1 869,51 1 919,59 1 969,66 2 036,43 2 103,20 2 169,97 2 195,01 2 220,04
80 271,5 1 699,25 1 801,20 1 818,20 1 852,18 1 903,16 1 954,13 2 005,11 2 073,08 2 141,05 2 209,02 2 234,51 2 260,00
85 277,7 1 738,05 1 842,34 1 859,72 1 894,48 1 946,62 1 998,76 2 050,90 2 120,42 2 189,95 2 259,47 2 285,54 2 311,61
90 284,1 1 778,11 1 884,79 1 902,58 1 938,14 1 991,48 2 044,82 2 098,17 2 169,29 2 240,42 2 311,54 2 338,21 2 364,88
95 290,3 1 816,91 1 925,93 1 944,10 1 980,43 2 034,94 2 089,45 2 143,96 2 216,63 2 289,31 2 361,99 2 389,24 2 416,49
100 296,8 1 857,59 1 969,05 1 987,63 2 024,78 2 080,51 2 136,23 2 191,96 2 266,26 2 340,57 2 414,87 2 442,74 2 470,60
105 303,7 1 900,78 2 014,83 2 033,83 2 071,85 2 128,87 2 185,90 2 242,92 2 318,95 2 394,98 2 471,01 2 499,52 2 528,04
110 310,8 1 945,22 2 061,93 2 081,38 2 120,29 2 178,64 2 237,00 2 295,36 2 373,16 2 450,97 2 528,78 2 557,96 2 587,14
115 318,5 1 993,41 2 113,01 2 132,95 2 172,82 2 232,62 2 292,42 2 352,22 2 431,96 2 511,69 2 591,43 2 621,33 2 651,23
120 327,3 2 048,49 2 171,39 2 191,88 2 232,85 2 294,30 2 355,76 2 417,21 2 499,15 2 581,09 2 663,03 2 693,76 2 724,49
125 335,5 2 099,81 2 225,80 2 246,79 2 288,79 2 351,78 2 414,78 2 477,77 2 561,76 2 645,76 2 729,75 2 761,25 2 792,74
130 343,7 2 151,13 2 280,20 2 301,71 2 344,73 2 409,26 2 473,80 2 538,33 2 624,38 2 710,42 2 796,47 2 828,73 2 861,00
135 352,2 2 204,33 2 336,59 2 358,63 2 402,72 2 468,85 2 534,98 2 601,11 2 689,28 2 777,45 2 865,63 2 898,69 2 931,76
140 360,9 2 258,78 2 394,31 2 416,89 2 462,07 2 529,83 2 597,60 2 665,36 2 755,71 2 846,06 2 936,41 2 970,29 3 004,18
145 369,9 2 315,11 2 454,01 2 477,17 2 523,47 2 592,92 2 662,37 2 731,83 2 824,43 2 917,04 3 009,64 3 044,37 3 079,09
150 379,0 2 372,06 2 514,39 2 538,11 2 585,55 2 656,71 2 727,87 2 799,03 2 893,92 2 988,80 3 083,68 3 119,26 3 154,84
155 388,2 2 429,64 2 575,42 2 599,72 2 648,31 2 721,20 2 794,09 2 866,98 2 964,16 3 061,35 3 158,54 3 194,98 3 231,42
160 399,0 2 497,24 2 647,07 2 672,04 2 721,99 2 796,91 2 871,82 2 946,74 3 046,63 3 146,52 3 246,41 3 283,87 3 321,33
165 408,6 2 557,32 2 710,76 2 736,33 2 787,48 2 864,20 2 940,92 3 017,64 3 119,93 3 222,22 3 324,52 3 362,88 3 401,24
170 418,6 2 619,91 2 777,10 2 803,30 2 855,70 2 934,30 3 012,89 3 091,49 3 196,29 3 301,08 3 405,88 3 445,18 3 484,48
175 429,0 2 685,00 2 846,10 2 872,95 2 926,65 3 007,20 3 087,75 3 168,30 3 275,70 3 383,10 3 490,50 3 530,77 3 571,05
180 439,6 2 751,34 2 916,42 2 943,94 2 998,96 3 081,50 3 164,04 3 246,58 3 356,64 3 466,69 3 576,74 3 618,01 3 659,28
185 450,4 2 818,94 2 988,07 3 016,26 3 072,64 3 157,21 3 241,78 3 326,34 3 439,10 3 551,86 3 664,62 3 706,90 3 749,19
190 461,5 2 888,41 3 061,71 3 090,60 3 148,37 3 235,02 3 321,67 3 408,32 3 523,86 3 639,39 3 754,93 3 798,26 3 841,58
195 472,9 2 959,76 3 137,34 3 166,94 3 226,14 3 314,93 3 403,72 3 492,51 3 610,90 3 729,29 3 847,69 3 892,08 3 936,48
200 484,5 3 032,36 3 214,30 3 244,62 3 305,27 3 396,24 3 487,21 3 578,18 3 699,48 3 820,77 3 942,07 3 987,55 4 033,04
205 496,5 3 107,46 3 293,91 3 324,99 3 387,14 3 480,36 3 573,58 3 666,81 3 791,11 3 915,40 4 039,70 4 086,32 4 132,93
210 508,8 3 184,45 3 375,51 3 407,36 3 471,05 3 566,58 3 662,11 3 757,65 3 885,02 4 012,40 4 139,78 4 187,55 4 235,31
215 521,3 3 262,68 3 458,44 3 491,07 3 556,32 3 654,20 3 752,08 3 849,96 3 980,47 4 110,98 4 241,49 4 290,43 4 339,371er janvier 2017


=== Page 4 ===

Echelon ECH 1 * ECH 2 * ECH 3 * ECH 4 ECH 5 ECH 6 ECH 7 ECH 8 ECH 9 ECH 10 ECH 11 ECH 12
Echelon ECH 1 * ECH 2 * ECH 3 * ECH 4 ECH 5 ECH 6 ECH 7 ECH 8 ECH 9 ECH 10 ECH 11 ECH 12
220 534,1 3 342,79 3 543,36 3 576,79 3 643,64 3 743,93 3 844,21 3 944,50 4 078,21 4 211,92 4 345,63 4 395,77 4 445,91
225 547,4 3 426,03 3 631,60 3 665,86 3 734,38 3 837,16 3 939,94 4 042,72 4 179,76 4 316,80 4 453,84 4 505,23 4 556,63
230 560,9 3 510,53 3 721,16 3 756,26 3 826,47 3 931,79 4 037,11 4 142,42 4 282,84 4 423,26 4 563,69 4 616,34 4 669,00
235 574,9 3 598,15 3 814,04 3 850,02 3 921,98 4 029,93 4 137,87 4 245,82 4 389,74 4 533,67 4 677,59 4 731,57 4 785,54
240 592,6 3 708,93 3 931,46 3 968,55 4 042,73 4 154,00 4 265,27 4 376,54 4 524,89 4 673,25 4 821,61 4 877,24 4 932,88
245 607,1 3 799,68 4 027,66 4 065,66 4 141,65 4 255,64 4 369,63 4 483,62 4 635,61 4 787,60 4 939,58 4 996,58 5 053,58
250 622,1 3 893,56 4 127,18 4 166,11 4 243,98 4 360,79 4 477,60 4 594,40 4 750,15 4 905,89 5 061,63 5 120,03 5 178,44
255 637,5 3 989,95 4 229,34 4 269,24 4 349,04 4 468,74 4 588,44 4 708,14 4 867,73 5 027,33 5 186,93 5 246,78 5 306,63
260 653,3 4 088,83 4 334,16 4 375,05 4 456,83 4 579,49 4 702,16 4 824,82 4 988,38 5 151,93 5 315,48 5 376,82 5 438,15
265 669,5 4 190,23 4 441,64 4 483,54 4 567,35 4 693,05 4 818,76 4 944,47 5 112,08 5 279,68 5 447,29 5 510,15 5 573,00
270 686,0 4 293,50 4 551,11 4 594,04 4 679,91 4 808,71 4 937,52 5 066,32 5 238,06 5 409,80 5 581,54 5 645,95 5 710,35
275 702,9 4 399,27 4 663,22 4 707,22 4 795,20 4 927,18 5 059,16 5 191,14 5 367,11 5 543,08 5 719,05 5 785,04 5 851,03
280 720,3 4 508,17 4 778,66 4 823,74 4 913,91 5 049,15 5 184,40 5 319,64 5 499,97 5 680,29 5 860,62 5 928,24 5 995,87
285 736,6 4 610,19 4 886,80 4 932,90 5 025,10 5 163,41 5 301,72 5 440,02 5 624,43 5 808,84 5 993,24 6 062,40 6 131,55
290 753,2 4 714,08 4 996,93 5 044,07 5 138,35 5 279,77 5 421,19 5 562,62 5 751,18 5 939,74 6 128,31 6 199,02 6 269,73
295 769,9 4 818,60 5 107,72 5 155,91 5 252,28 5 396,84 5 541,39 5 685,95 5 878,70 6 071,44 6 264,18 6 336,46 6 408,74
300 787,0 4 925,63 5 221,17 5 270,42 5 368,93 5 516,70 5 664,47 5 812,24 6 009,27 6 206,29 6 403,32 6 477,20 6 551,09
305 804,6 5 035,78 5 337,93 5 388,29 5 489,00 5 640,08 5 791,15 5 942,22 6 143,65 6 345,09 6 546,52 6 622,05 6 697,59
310 822,5 5 147,81 5 456,68 5 508,16 5 611,12 5 765,55 5 919,99 6 074,42 6 280,33 6 486,24 6 692,16 6 769,37 6 846,59
315 840,9 5 262,97 5 578,75 5 631,38 5 736,64 5 894,53 6 052,42 6 210,31 6 420,83 6 631,35 6 841,87 6 920,81 6 999,76
320 859,9 5 381,89 5 704,80 5 758,62 5 866,26 6 027,72 6 189,17 6 350,63 6 565,91 6 781,18 6 996,46 7 077,19 7 157,91
325 878,6 5 498,93 5 828,86 5 883,85 5 993,83 6 158,80 6 323,77 6 488,74 6 708,69 6 928,65 7 148,61 7 231,09 7 313,57
330 897,7 5 618,47 5 955,58 6 011,76 6 124,13 6 292,69 6 461,24 6 629,80 6 854,53 7 079,27 7 304,01 7 388,29 7 472,57
340 919,8 5 756,79 6 102,20 6 159,76 6 274,90 6 447,60 6 620,31 6 793,01 7 023,28 7 253,55 7 483,83 7 570,18 7 656,53
350 940,2 5 884,47 6 237,53 6 296,38 6 414,07 6 590,60 6 767,14 6 943,67 7 179,05 7 414,43 7 649,81 7 738,07 7 826,34
355 961,8 6 019,66 6 380,83 6 441,03 6 561,42 6 742,01 6 922,60 7 103,19 7 343,98 7 584,77 7 825,55 7 915,85 8 006,14
360 984,0 6 158,60 6 528,12 6 589,70 6 712,87 6 897,63 7 082,39 7 267,15 7 513,49 7 759,84 8 006,18 8 098,56 8 190,94
365 1006,6 6 300,05 6 678,05 6 741,05 6 867,05 7 056,05 7 245,05 7 434,06 7 686,06 7 938,06 8 190,06 8 284,56 8 379,06
370 1029,7 6 444,62 6 831,30 6 895,75 7 024,64 7 217,98 7 411,32 7 604,66 7 862,44 8 120,23 8 378,01 8 474,68 8 571,35
CA 834,6 5 223,54 5 536,96 5 589,19 5 693,66 5 850,37 6 007,08 6 163,78 6 372,72 6 581,67 6 790,61 6 868,96 6 947,31
CB 853,6 5 342,46 5 663,01 5 716,43 5 823,28 5 983,56 6 143,83 6 304,10 6 517,80 6 731,50 6 945,20 7 025,33 7 105,47
DA 873,1 5 464,51 5 792,38 5 847,02 5 956,31 6 120,25 6 284,18 6 448,12 6 666,70 6 885,28 7 103,86 7 185,82 7 267,79
DB 892,5 5 585,93 5 921,08 5 976,94 6 088,66 6 256,24 6 423,81 6 591,39 6 814,83 7 038,27 7 261,70 7 345,49 7 429,28
EA 912,5 5 711,10 6 053,77 6 110,88 6 225,10 6 396,43 6 567,76 6 739,10 6 967,54 7 195,99 7 424,43 7 510,10 7 595,76
FA 942,1 5 896,36 6 250,14 6 309,10 6 427,03 6 603,92 6 780,81 6 957,70 7 193,56 7 429,41 7 665,27 7 753,71 7 842,16
GA 970,8 6 075,98 6 440,54 6 501,30 6 622,82 6 805,10 6 987,38 7 169,66 7 412,70 7 655,74 7 898,78 7 989,92 8 081,06
HA 1000,6 6 262,49 6 638,24 6 700,87 6 826,12 7 013,99 7 201,87 7 389,74 7 640,24 7 890,74 8 141,24 8 235,18 8 329,12
HB 1023,6 6 406,45 6 790,83 6 854,90 6 983,03 7 175,22 7 367,41 7 559,61 7 815,86 8 072,12 8 328,38 8 424,48 8 520,57
IA 1047,1 6 553,53 6 946,74 7 012,27 7 143,34 7 339,95 7 536,56 7 733,16 7 995,30 8 257,44 8 519,58 8 617,89 8 716,19
IB 1071,2 6 704,36 7 106,62 7 173,67 7 307,75 7 508,89 7 710,02 7 911,15 8 179,32 8 447,50 8 715,67 8 816,24 8 916,80
JA 1095,9 6 858,95 7 270,49 7 339,08 7 476,26 7 682,03 7 887,80 8 093,56 8 367,92 8 642,28 8 916,64 9 019,52 9 122,41
JB 1121,1 7 016,67 7 437,67 7 507,84 7 648,17 7 858,67 8 069,17 8 279,67 8 560,34 8 841,01 9 121,67 9 226,92 9 332,17
KA 1146,9 7 178,15 7 608,84 7 680,62 7 824,18 8 039,53 8 254,87 8 470,22 8 757,34 9 044,47 9 331,59 9 439,27 9 546,94
KB 1173,3 7 343,38 7 783,98 7 857,42 8 004,28 8 224,58 8 444,89 8 665,19 8 958,92 9 252,66 9 546,39 9 656,54 9 766,69
* Les agents relevant des échelons 1, 2 et 3 sont rémunérés l'échelon 4

=== Page 5 ===

date: SNB: 502,71 Maj. Res: 1,24
Echelon ECH 1 * ECH 2 * ECH 3 * ECH 4 ECH 5 ECH 6 ECH 7 ECH 8 ECH 9 ECH 10 ECH 11 ECH 12
NR Coeff 1,00 1,06 1,07 1,09 1,12 1,15 1,18 1,22 1,26 1,30 1,315 1,33
30 223,8 1 395,08 1 478,79 1 492,74 1 520,64 1 562,49 1 604,34 1 646,20 1 702,00 1 757,80 1 813,60 1 834,53 1 855,46
35 228,1 1 421,89 1 507,20 1 521,42 1 549,85 1 592,51 1 635,17 1 677,82 1 734,70 1 791,58 1 848,45 1 869,78 1 891,11
40 232,6 1 449,94 1 536,93 1 551,43 1 580,43 1 623,93 1 667,43 1 710,92 1 768,92 1 826,92 1 884,92 1 906,67 1 928,42
45 237,2 1 478,61 1 567,33 1 582,11 1 611,69 1 656,04 1 700,40 1 744,76 1 803,91 1 863,05 1 922,19 1 944,37 1 966,55
50 241,9 1 507,91 1 598,38 1 613,46 1 643,62 1 688,86 1 734,10 1 779,33 1 839,65 1 899,97 1 960,28 1 982,90 2 005,52
55 246,5 1 536,58 1 628,78 1 644,14 1 674,88 1 720,97 1 767,07 1 813,17 1 874,63 1 936,10 1 997,56 2 020,61 2 043,66
60 251,3 1 566,50 1 660,49 1 676,16 1 707,49 1 754,49 1 801,48 1 848,48 1 911,14 1 973,80 2 036,46 2 059,95 2 083,45
65 256,4 1 598,30 1 694,19 1 710,18 1 742,14 1 790,09 1 838,04 1 885,99 1 949,92 2 013,85 2 077,78 2 101,76 2 125,73
70 261,8 1 631,96 1 729,87 1 746,19 1 778,83 1 827,79 1 876,75 1 925,71 1 990,99 2 056,27 2 121,54 2 146,02 2 170,50
75 266,7 1 662,50 1 762,25 1 778,88 1 812,13 1 862,00 1 911,88 1 961,75 2 028,25 2 094,75 2 161,25 2 186,19 2 211,13
80 271,5 1 692,42 1 793,97 1 810,89 1 844,74 1 895,51 1 946,29 1 997,06 2 064,76 2 132,45 2 200,15 2 225,54 2 250,92
85 277,7 1 731,07 1 834,94 1 852,25 1 886,87 1 938,80 1 990,73 2 042,66 2 111,91 2 181,15 2 250,39 2 276,36 2 302,33
90 284,1 1 770,97 1 877,22 1 894,93 1 930,35 1 983,48 2 036,61 2 089,74 2 160,58 2 231,42 2 302,26 2 328,82 2 355,39
95 290,3 1 809,62 1 918,19 1 936,29 1 972,48 2 026,77 2 081,06 2 135,35 2 207,73 2 280,12 2 352,50 2 379,64 2 406,79
100 296,8 1 850,13 1 961,14 1 979,64 2 016,65 2 072,15 2 127,65 2 183,16 2 257,16 2 331,17 2 405,17 2 432,93 2 460,68
105 303,7 1 893,15 2 006,73 2 025,67 2 063,53 2 120,32 2 177,12 2 233,91 2 309,64 2 385,36 2 461,09 2 489,49 2 517,88
110 310,8 1 937,40 2 053,65 2 073,02 2 111,77 2 169,89 2 228,01 2 286,14 2 363,63 2 441,13 2 518,63 2 547,69 2 576,75
115 318,5 1 985,40 2 104,53 2 124,38 2 164,09 2 223,65 2 283,21 2 342,78 2 422,19 2 501,61 2 581,02 2 610,80 2 640,59
120 327,3 2 040,26 2 162,67 2 183,08 2 223,88 2 285,09 2 346,30 2 407,51 2 489,12 2 570,73 2 652,34 2 682,94 2 713,54
125 335,5 2 091,37 2 216,86 2 237,77 2 279,60 2 342,34 2 405,08 2 467,82 2 551,48 2 635,13 2 718,79 2 750,16 2 781,53
130 343,7 2 142,49 2 271,04 2 292,46 2 335,31 2 399,59 2 463,86 2 528,14 2 613,84 2 699,54 2 785,24 2 817,37 2 849,51
135 352,2 2 195,48 2 327,20 2 349,16 2 393,07 2 458,93 2 524,80 2 590,66 2 678,48 2 766,30 2 854,12 2 887,05 2 919,98
140 360,9 2 249,71 2 384,69 2 407,19 2 452,18 2 519,67 2 587,16 2 654,66 2 744,64 2 834,63 2 924,62 2 958,37 2 992,11
145 369,9 2 305,81 2 444,16 2 467,22 2 513,33 2 582,51 2 651,68 2 720,86 2 813,09 2 905,32 2 997,55 3 032,14 3 066,73
150 379,0 2 362,54 2 504,29 2 527,91 2 575,16 2 646,04 2 716,92 2 787,79 2 882,29 2 976,80 3 071,30 3 106,73 3 142,17
155 388,2 2 419,89 2 565,08 2 589,28 2 637,67 2 710,27 2 782,87 2 855,46 2 952,26 3 049,06 3 145,85 3 182,15 3 218,45
160 399,0 2 487,21 2 636,44 2 661,31 2 711,06 2 785,67 2 860,29 2 934,91 3 034,39 3 133,88 3 233,37 3 270,68 3 307,99
165 408,6 2 547,05 2 699,87 2 725,34 2 776,29 2 852,70 2 929,11 3 005,52 3 107,40 3 209,28 3 311,17 3 349,37 3 387,58
170 418,6 2 609,39 2 765,95 2 792,04 2 844,23 2 922,51 3 000,79 3 079,08 3 183,45 3 287,83 3 392,20 3 431,34 3 470,48
175 429,0 2 674,22 2 834,67 2 861,41 2 914,90 2 995,12 3 075,35 3 155,58 3 262,54 3 369,51 3 476,48 3 516,59 3 556,71
180 439,6 2 740,29 2 904,71 2 932,11 2 986,92 3 069,13 3 151,34 3 233,54 3 343,16 3 452,77 3 562,38 3 603,48 3 644,59
185 450,4 2 807,62 2 976,07 3 004,15 3 060,30 3 144,53 3 228,76 3 312,99 3 425,29 3 537,60 3 649,90 3 692,01 3 734,13
190 461,5 2 876,81 3 049,42 3 078,18 3 135,72 3 222,03 3 308,33 3 394,63 3 509,71 3 624,78 3 739,85 3 783,00 3 826,15
195 472,9 2 947,87 3 124,74 3 154,22 3 213,18 3 301,62 3 390,05 3 478,49 3 596,40 3 714,32 3 832,23 3 876,45 3 920,67
200 484,5 3 020,18 3 201,39 3 231,59 3 292,00 3 382,60 3 473,21 3 563,81 3 684,62 3 805,43 3 926,24 3 971,54 4 016,84
205 496,5 3 094,98 3 280,68 3 311,63 3 373,53 3 466,38 3 559,23 3 652,08 3 775,88 3 899,68 4 023,48 4 069,90 4 116,33
210 508,8 3 171,66 3 361,96 3 393,67 3 457,11 3 552,26 3 647,41 3 742,56 3 869,42 3 996,29 4 123,16 4 170,73 4 218,30
215 521,3 3 249,58 3 444,55 3 477,05 3 542,04 3 639,53 3 737,01 3 834,50 3 964,48 4 094,47 4 224,45 4 273,19 4 321,941er janvier 2017


=== Page 6 ===

Echelon ECH 1 * ECH 2 * ECH 3 * ECH 4 ECH 5 ECH 6 ECH 7 ECH 8 ECH 9 ECH 10 ECH 11 ECH 12
Echelon ECH 1 * ECH 2 * ECH 3 * ECH 4 ECH 5 ECH 6 ECH 7 ECH 8 ECH 9 ECH 10 ECH 11 ECH 12
220 534,1 3 329,37 3 529,13 3 562,42 3 629,01 3 728,89 3 828,77 3 928,65 4 061,83 4 195,00 4 328,18 4 378,12 4 428,06
225 547,4 3 412,27 3 617,01 3 651,13 3 719,38 3 821,75 3 924,12 4 026,48 4 162,98 4 299,47 4 435,96 4 487,14 4 538,33
230 560,9 3 496,43 3 706,21 3 741,18 3 811,11 3 916,00 4 020,89 4 125,79 4 265,64 4 405,50 4 545,36 4 597,80 4 650,25
235 574,9 3 583,70 3 798,72 3 834,56 3 906,23 4 013,74 4 121,25 4 228,76 4 372,11 4 515,46 4 658,81 4 712,56 4 766,32
240 592,6 3 694,03 3 915,68 3 952,62 4 026,50 4 137,32 4 248,14 4 358,96 4 506,72 4 654,48 4 802,24 4 857,65 4 913,06
245 607,1 3 784,42 4 011,49 4 049,33 4 125,02 4 238,55 4 352,08 4 465,62 4 616,99 4 768,37 4 919,75 4 976,51 5 033,28
250 622,1 3 877,93 4 110,60 4 149,38 4 226,94 4 343,28 4 459,61 4 575,95 4 731,07 4 886,19 5 041,30 5 099,47 5 157,64
255 637,5 3 973,92 4 212,36 4 252,10 4 331,58 4 450,79 4 570,01 4 689,23 4 848,19 5 007,14 5 166,10 5 225,71 5 285,32
260 653,3 4 072,41 4 316,76 4 357,48 4 438,93 4 561,10 4 683,28 4 805,45 4 968,34 5 131,24 5 294,14 5 355,22 5 416,31
265 669,5 4 173,40 4 423,80 4 465,54 4 549,00 4 674,21 4 799,41 4 924,61 5 091,55 5 258,48 5 425,42 5 488,02 5 550,62
270 686,0 4 276,25 4 532,83 4 575,59 4 661,12 4 789,40 4 917,69 5 045,98 5 217,03 5 388,08 5 559,13 5 623,27 5 687,42
275 702,9 4 381,60 4 644,50 4 688,31 4 775,94 4 907,39 5 038,84 5 170,29 5 345,55 5 520,82 5 696,08 5 761,80 5 827,53
280 720,3 4 490,06 4 759,47 4 804,37 4 894,17 5 028,87 5 163,57 5 298,28 5 477,88 5 657,48 5 837,08 5 904,44 5 971,79
285 736,6 4 591,67 4 867,17 4 913,09 5 004,92 5 142,67 5 280,42 5 418,17 5 601,84 5 785,51 5 969,17 6 038,05 6 106,92
290 753,2 4 695,15 4 976,86 5 023,81 5 117,71 5 258,57 5 399,42 5 540,28 5 728,08 5 915,89 6 103,70 6 174,12 6 244,55
295 769,9 4 799,25 5 087,21 5 135,20 5 231,18 5 375,16 5 519,14 5 663,12 5 855,09 6 047,06 6 239,03 6 311,02 6 383,00
300 787,0 4 905,85 5 200,20 5 249,26 5 347,37 5 494,55 5 641,72 5 788,90 5 985,13 6 181,37 6 377,60 6 451,19 6 524,78
305 804,6 5 015,56 5 316,49 5 366,65 5 466,96 5 617,42 5 767,89 5 918,36 6 118,98 6 319,60 6 520,23 6 595,46 6 670,69
310 822,5 5 127,14 5 434,77 5 486,04 5 588,58 5 742,40 5 896,21 6 050,02 6 255,11 6 460,20 6 665,28 6 742,19 6 819,10
315 840,9 5 241,84 5 556,35 5 608,77 5 713,60 5 870,86 6 028,11 6 185,37 6 395,04 6 604,72 6 814,39 6 893,02 6 971,64
320 859,9 5 360,28 5 681,89 5 735,50 5 842,70 6 003,51 6 164,32 6 325,13 6 539,54 6 753,95 6 968,36 7 048,76 7 129,17
325 878,6 5 476,84 5 805,46 5 860,22 5 969,76 6 134,07 6 298,37 6 462,68 6 681,75 6 900,82 7 119,90 7 202,05 7 284,20
330 897,7 5 595,91 5 931,66 5 987,62 6 099,54 6 267,42 6 435,29 6 603,17 6 827,01 7 050,84 7 274,68 7 358,62 7 442,56
340 919,8 5 733,67 6 077,69 6 135,03 6 249,70 6 421,71 6 593,72 6 765,73 6 995,08 7 224,42 7 453,77 7 539,77 7 625,78
350 940,2 5 860,83 6 212,48 6 271,09 6 388,31 6 564,13 6 739,96 6 915,78 7 150,22 7 384,65 7 619,08 7 707,00 7 794,91
355 961,8 5 995,48 6 355,21 6 415,16 6 535,07 6 714,94 6 894,80 7 074,67 7 314,49 7 554,31 7 794,12 7 884,06 7 973,99
360 984,0 6 133,87 6 501,90 6 563,24 6 685,91 6 869,93 7 053,95 7 237,96 7 483,32 7 728,67 7 974,03 8 066,03 8 158,04
365 1006,6 6 274,75 6 651,23 6 713,98 6 839,47 7 027,72 7 215,96 7 404,20 7 655,19 7 906,18 8 157,17 8 251,29 8 345,41
370 1029,7 6 418,74 6 803,87 6 868,05 6 996,43 7 188,99 7 381,55 7 574,12 7 830,87 8 087,61 8 344,36 8 440,65 8 536,93
CA 834,6 5 202,57 5 514,72 5 566,75 5 670,80 5 826,87 5 982,95 6 139,03 6 347,13 6 555,23 6 763,34 6 841,37 6 919,41
CB 853,6 5 321,00 5 640,26 5 693,47 5 799,89 5 959,52 6 119,16 6 278,79 6 491,63 6 704,47 6 917,31 6 997,12 7 076,94
DA 873,1 5 442,56 5 769,11 5 823,54 5 932,39 6 095,67 6 258,94 6 422,22 6 639,92 6 857,63 7 075,33 7 156,97 7 238,60
DB 892,5 5 563,49 5 897,30 5 952,94 6 064,21 6 231,11 6 398,02 6 564,92 6 787,46 7 010,00 7 232,54 7 315,99 7 399,44
EA 912,5 5 688,16 6 029,45 6 086,34 6 200,10 6 370,74 6 541,39 6 712,03 6 939,56 7 167,09 7 394,61 7 479,94 7 565,26
FA 942,1 5 872,68 6 225,04 6 283,77 6 401,22 6 577,40 6 753,58 6 929,76 7 164,67 7 399,57 7 634,48 7 722,57 7 810,66
GA 970,8 6 051,58 6 414,68 6 475,19 6 596,23 6 777,77 6 959,32 7 140,87 7 382,93 7 624,99 7 867,06 7 957,83 8 048,61
HA 1000,6 6 237,34 6 611,58 6 673,96 6 798,71 6 985,83 7 172,95 7 360,07 7 609,56 7 859,05 8 108,55 8 202,11 8 295,67
HB 1023,6 6 380,72 6 763,56 6 827,37 6 954,98 7 146,40 7 337,82 7 529,25 7 784,47 8 039,70 8 294,93 8 390,64 8 486,35
IA 1047,1 6 527,21 6 918,84 6 984,11 7 114,66 7 310,47 7 506,29 7 702,10 7 963,19 8 224,28 8 485,37 8 583,28 8 681,18
IB 1071,2 6 677,44 7 078,08 7 144,86 7 278,41 7 478,73 7 679,05 7 879,38 8 146,47 8 413,57 8 680,67 8 780,83 8 880,99
JA 1095,9 6 831,41 7 241,29 7 309,61 7 446,23 7 651,18 7 856,12 8 061,06 8 334,32 8 607,57 8 880,83 8 983,30 9 085,77
JB 1121,1 6 988,49 7 407,80 7 477,69 7 617,46 7 827,11 8 036,77 8 246,42 8 525,96 8 805,50 9 085,04 9 189,87 9 294,70
KA 1146,9 7 149,32 7 578,28 7 649,77 7 792,76 8 007,24 8 221,72 8 436,20 8 722,17 9 008,14 9 294,12 9 401,36 9 508,60
KB 1173,3 7 313,89 7 752,72 7 825,86 7 972,14 8 191,55 8 410,97 8 630,39 8 922,94 9 215,50 9 508,05 9 617,76 9 727,47
* Les agents relevant des échelons 1, 2 et 3 sont rémunérés l'échelon 4