=== Page 1 ===

date: SNB: 508,77 Maj. Res: 1,25

Echelon ECH 1 * ECH 2 * ECH 3 * ECH 4 ECH 5 ECH 6 ECH 7 ECH 8 ECH 9 ECH 10 ECH 11 ECH 12
NR Coeff 1,00 1,06 1,07 1,09 1,12 1,15 1,18 1,22 1,26 1,30 1,315 1,33
30 226,0 1 437,28 1 523,51 1 537,88 1 566,63 1 609,75 1 652,87 1 695,98 1 753,48 1 810,97 1 868,46 1 890,02 1 911,58
35 230,4 1 465,26 1 553,17 1 567,83 1 597,13 1 641,09 1 685,05 1 729,00 1 787,61 1 846,22 1 904,83 1 926,81 1 948,79
40 234,9 1 493,88 1 583,51 1 598,45 1 628,32 1 673,14 1 717,96 1 762,77 1 822,53 1 882,28 1 942,04 1 964,45 1 986,85
45 239,6 1 523,77 1 615,19 1 630,43 1 660,91 1 706,62 1 752,33 1 798,04 1 858,99 1 919,95 1 980,90 2 003,75 2 026,61
50 244,3 1 553,66 1 646,88 1 662,41 1 693,49 1 740,10 1 786,70 1 833,31 1 895,46 1 957,61 2 019,75 2 043,06 2 066,36
55 249,0 1 583,55 1 678,56 1 694,39 1 726,07 1 773,57 1 821,08 1 868,59 1 931,93 1 995,27 2 058,61 2 082,36 2 106,12
60 253,8 1 614,07 1 710,92 1 727,06 1 759,34 1 807,76 1 856,18 1 904,61 1 969,17 2 033,73 2 098,29 2 122,51 2 146,72
65 259,0 1 647,14 1 745,97 1 762,44 1 795,39 1 844,80 1 894,21 1 943,63 2 009,51 2 075,40 2 141,29 2 165,99 2 190,70
70 264,4 1 681,48 1 782,37 1 799,19 1 832,82 1 883,26 1 933,71 1 984,15 2 051,41 2 118,67 2 185,93 2 211,15 2 236,37
75 269,4 1 713,28 1 816,08 1 833,21 1 867,48 1 918,88 1 970,28 2 021,67 2 090,21 2 158,74 2 227,27 2 252,97 2 278,67
80 274,2 1 743,81 1 848,44 1 865,88 1 900,75 1 953,07 2 005,38 2 057,69 2 127,45 2 197,20 2 266,95 2 293,11 2 319,27
85 280,5 1 783,87 1 890,91 1 908,75 1 944,42 1 997,94 2 051,46 2 104,97 2 176,33 2 247,68 2 319,04 2 345,80 2 372,55
90 286,9 1 824,58 1 934,05 1 952,30 1 988,79 2 043,53 2 098,26 2 153,00 2 225,98 2 298,97 2 371,95 2 399,32 2 426,69
95 293,2 1 864,64 1 976,52 1 995,17 2 032,46 2 088,40 2 144,34 2 200,28 2 274,86 2 349,45 2 424,03 2 452,00 2 479,97
100 299,8 1 906,62 2 021,01 2 040,08 2 078,21 2 135,41 2 192,61 2 249,81 2 326,07 2 402,34 2 478,60 2 507,20 2 535,80
105 306,7 1 950,50 2 067,53 2 087,03 2 126,04 2 184,56 2 243,07 2 301,59 2 379,61 2 457,63 2 535,65 2 564,90 2 594,16
110 313,9 1 996,29 2 116,06 2 136,03 2 175,95 2 235,84 2 295,73 2 355,62 2 435,47 2 515,32 2 595,17 2 625,12 2 655,06
115 321,7 2 045,89 2 168,64 2 189,10 2 230,02 2 291,40 2 352,78 2 414,15 2 495,99 2 577,82 2 659,66 2 690,35 2 721,04
120 330,6 2 102,49 2 228,64 2 249,67 2 291,72 2 354,79 2 417,87 2 480,94 2 565,04 2 649,14 2 733,24 2 764,78 2 796,31
125 338,9 2 155,28 2 284,59 2 306,15 2 349,25 2 413,91 2 478,57 2 543,23 2 629,44 2 715,65 2 801,86 2 834,19 2 866,52
130 347,1 2 207,43 2 339,87 2 361,95 2 406,09 2 472,32 2 538,54 2 604,76 2 693,06 2 781,36 2 869,65 2 902,76 2 935,88
135 355,7 2 262,12 2 397,85 2 420,47 2 465,71 2 533,57 2 601,44 2 669,30 2 759,78 2 850,27 2 940,75 2 974,69 3 008,62
140 364,5 2 318,08 2 457,17 2 480,35 2 526,71 2 596,25 2 665,80 2 735,34 2 828,06 2 920,78 3 013,51 3 048,28 3 083,05
145 373,6 2 375,96 2 518,51 2 542,27 2 589,79 2 661,07 2 732,35 2 803,63 2 898,67 2 993,70 3 088,74 3 124,38 3 160,02
150 382,8 2 434,46 2 580,53 2 604,88 2 653,57 2 726,60 2 799,63 2 872,67 2 970,05 3 067,43 3 164,80 3 201,32 3 237,84
155 392,1 2 493,61 2 643,23 2 668,16 2 718,03 2 792,84 2 867,65 2 942,46 3 042,20 3 141,95 3 241,69 3 279,10 3 316,50
160 403,0 2 562,93 2 716,70 2 742,33 2 793,59 2 870,48 2 947,37 3 024,26 3 126,77 3 229,29 3 331,81 3 370,25 3 408,70
165 412,7 2 624,62 2 782,09 2 808,34 2 860,83 2 939,57 3 018,31 3 097,05 3 202,03 3 307,02 3 412,00 3 451,37 3 490,74
170 422,8 2 688,85 2 850,18 2 877,07 2 930,85 3 011,51 3 092,18 3 172,84 3 280,40 3 387,95 3 495,50 3 535,84 3 576,17
175 433,3 2 755,63 2 920,96 2 948,52 3 003,63 3 086,30 3 168,97 3 251,64 3 361,86 3 472,09 3 582,31 3 623,65 3 664,98
180 444,0 2 823,67 2 993,09 3 021,33 3 077,80 3 162,51 3 247,22 3 331,93 3 444,88 3 557,83 3 670,78 3 713,13 3 755,49
185 454,9 2 892,99 3 066,57 3 095,50 3 153,36 3 240,15 3 326,94 3 413,73 3 529,45 3 645,17 3 760,89 3 804,29 3 847,68
190 466,1 2 964,22 3 142,07 3 171,72 3 231,00 3 319,93 3 408,85 3 497,78 3 616,35 3 734,92 3 853,49 3 897,95 3 942,41
195 477,6 3 037,36 3 219,60 3 249,97 3 310,72 3 401,84 3 492,96 3 584,08 3 705,58 3 827,07 3 948,56 3 994,12 4 039,68
200 489,3 3 111,76 3 298,47 3 329,59 3 391,82 3 485,18 3 578,53 3 671,88 3 796,35 3 920,82 4 045,29 4 091,97 4 138,65
205 501,5 3 189,35 3 380,71 3 412,61 3 476,39 3 572,07 3 667,75 3 763,44 3 891,01 4 018,58 4 146,16 4 194,00 4 241,84
210 513,9 3 268,21 3 464,30 3 496,99 3 562,35 3 660,40 3 758,44 3 856,49 3 987,22 4 117,95 4 248,67 4 297,70 4 346,72
215 526,5 3 348,34 3 549,24 3 582,73 3 649,69 3 750,14 3 850,59 3 951,04 4 084,98 4 218,91 4 352,85 4 403,07 4 453,301er janvier 2022


=== Page 2 ===

Echelon ECH 1 * ECH 2 * ECH 3 * ECH 4 ECH 5 ECH 6 ECH 7 ECH 8 ECH 9 ECH 10 ECH 11 ECH 12
220 539,4 3 430,38 3 636,20 3 670,51 3 739,12 3 842,03 3 944,94 4 047,85 4 185,07 4 322,28 4 459,50 4 510,95 4 562,41
225 552,9 3 516,24 3 727,21 3 762,37 3 832,70 3 938,19 4 043,67 4 149,16 4 289,81 4 430,46 4 571,11 4 623,85 4 676,59
230 566,5 3 602,73 3 818,89 3 854,92 3 926,97 4 035,05 4 143,14 4 251,22 4 395,33 4 539,44 4 683,55 4 737,59 4 791,63
235 580,6 3 692,40 3 913,94 3 950,87 4 024,71 4 135,49 4 246,26 4 357,03 4 504,73 4 652,42 4 800,12 4 855,50 4 910,89
240 598,5 3 806,24 4 034,61 4 072,67 4 148,80 4 262,98 4 377,17 4 491,36 4 643,61 4 795,86 4 948,11 5 005,20 5 062,29
245 613,2 3 899,72 4 133,71 4 172,70 4 250,70 4 367,69 4 484,68 4 601,67 4 757,66 4 913,65 5 069,64 5 128,13 5 186,63
250 628,3 3 995,75 4 235,50 4 275,46 4 355,37 4 475,24 4 595,12 4 714,99 4 874,82 5 034,65 5 194,48 5 254,41 5 314,35
255 643,9 4 094,96 4 340,66 4 381,61 4 463,51 4 586,36 4 709,21 4 832,06 4 995,85 5 159,65 5 323,45 5 384,88 5 446,30
260 659,8 4 196,08 4 447,85 4 489,81 4 573,73 4 699,61 4 825,49 4 951,38 5 119,22 5 287,06 5 454,90 5 517,85 5 580,79
265 676,2 4 300,38 4 558,40 4 601,40 4 687,41 4 816,42 4 945,44 5 074,45 5 246,46 5 418,48 5 590,49 5 655,00 5 719,50
270 692,9 4 406,58 4 670,98 4 715,05 4 803,18 4 935,37 5 067,57 5 199,77 5 376,03 5 552,30 5 728,56 5 794,66 5 860,76
275 709,9 4 514,70 4 785,58 4 830,73 4 921,02 5 056,46 5 191,90 5 327,34 5 507,93 5 688,52 5 869,11 5 936,83 6 004,55
280 727,5 4 626,63 4 904,22 4 950,49 5 043,02 5 181,82 5 320,62 5 459,42 5 644,49 5 829,55 6 014,62 6 084,01 6 153,41
285 744,0 4 731,56 5 015,45 5 062,77 5 157,40 5 299,35 5 441,30 5 583,24 5 772,50 5 961,77 6 151,03 6 222,00 6 292,98
290 760,7 4 837,77 5 128,03 5 176,41 5 273,17 5 418,30 5 563,43 5 708,56 5 902,08 6 095,59 6 289,10 6 361,66 6 434,23
295 777,6 4 945,24 5 241,96 5 291,41 5 390,32 5 538,67 5 687,03 5 835,39 6 033,20 6 231,01 6 428,82 6 503,00 6 577,18
300 794,9 5 055,27 5 358,58 5 409,13 5 510,24 5 661,90 5 813,56 5 965,21 6 167,42 6 369,64 6 571,85 6 647,67 6 723,50
305 812,6 5 167,83 5 477,90 5 529,58 5 632,94 5 787,97 5 943,01 6 098,04 6 304,75 6 511,47 6 718,18 6 795,70 6 873,22
310 830,7 5 282,94 5 599,92 5 652,75 5 758,41 5 916,89 6 075,38 6 233,87 6 445,19 6 656,51 6 867,82 6 947,07 7 026,31
315 849,3 5 401,23 5 725,30 5 779,32 5 887,34 6 049,38 6 211,41 6 373,45 6 589,50 6 805,55 7 021,60 7 102,62 7 183,64
320 868,5 5 523,33 5 854,73 5 909,97 6 020,43 6 186,13 6 351,83 6 517,53 6 738,47 6 959,40 7 180,33 7 263,18 7 346,03
325 887,4 5 643,53 5 982,14 6 038,58 6 151,45 6 320,75 6 490,06 6 659,37 6 885,11 7 110,85 7 336,59 7 421,24 7 505,90
330 906,7 5 766,27 6 112,25 6 169,91 6 285,24 6 458,22 6 631,21 6 804,20 7 034,85 7 265,50 7 496,15 7 582,65 7 669,14
340 929,0 5 908,09 6 262,58 6 321,66 6 439,82 6 617,06 6 794,31 6 971,55 7 207,87 7 444,20 7 680,52 7 769,14 7 857,76
350 949,6 6 039,10 6 401,45 6 461,84 6 582,62 6 763,79 6 944,96 7 126,14 7 367,70 7 609,27 7 850,83 7 941,42 8 032,00
355 971,4 6 177,74 6 548,40 6 610,18 6 733,74 6 919,07 7 104,40 7 289,73 7 536,84 7 783,95 8 031,06 8 123,73 8 216,39
360 993,8 6 320,20 6 699,41 6 762,61 6 889,01 7 078,62 7 268,22 7 457,83 7 710,64 7 963,45 8 216,25 8 311,06 8 405,86
365 1016,7 6 465,83 6 853,78 6 918,44 7 047,76 7 241,73 7 435,71 7 629,68 7 888,31 8 146,95 8 405,58 8 502,57 8 599,55
370 1040,0 6 614,01 7 010,85 7 076,99 7 209,27 7 407,69 7 606,11 7 804,53 8 069,09 8 333,65 8 598,21 8 697,42 8 796,63
CA 842,9 5 360,53 5 682,16 5 735,76 5 842,98 6 003,79 6 164,61 6 325,42 6 539,84 6 754,27 6 968,69 7 049,09 7 129,50
CB 862,1 5 482,63 5 811,59 5 866,42 5 976,07 6 140,55 6 305,03 6 469,51 6 688,81 6 908,12 7 127,42 7 209,66 7 291,90
DA 881,8 5 607,92 5 944,39 6 000,47 6 112,63 6 280,87 6 449,10 6 617,34 6 841,66 7 065,98 7 290,29 7 374,41 7 458,53
DB 901,4 5 732,57 6 076,52 6 133,85 6 248,50 6 420,47 6 592,45 6 764,43 6 993,73 7 223,03 7 452,34 7 538,32 7 624,31
EA 921,6 5 861,03 6 212,69 6 271,30 6 388,52 6 564,35 6 740,18 6 916,02 7 150,46 7 384,90 7 619,34 7 707,25 7 795,17
FA 951,5 6 051,18 6 414,25 6 474,77 6 595,79 6 777,33 6 958,86 7 140,40 7 382,44 7 624,49 7 866,54 7 957,31 8 048,07
GA 980,5 6 235,61 6 609,75 6 672,11 6 796,82 6 983,89 7 170,95 7 358,02 7 607,45 7 856,87 8 106,30 8 199,83 8 293,36
HA 1010,6 6 427,04 6 812,66 6 876,93 7 005,47 7 198,28 7 391,09 7 583,90 7 840,99 8 098,07 8 355,15 8 451,55 8 547,96
HB 1033,8 6 574,58 6 969,06 7 034,80 7 166,29 7 363,53 7 560,77 7 758,00 8 020,99 8 283,97 8 546,95 8 645,57 8 744,19
IA 1057,6 6 725,94 7 129,50 7 196,76 7 331,27 7 533,05 7 734,83 7 936,61 8 205,65 8 474,68 8 743,72 8 844,61 8 945,50
IB 1081,9 6 880,48 7 293,31 7 362,11 7 499,72 7 706,14 7 912,55 8 118,96 8 394,18 8 669,40 8 944,62 9 047,83 9 151,04
JA 1106,9 7 039,47 7 461,84 7 532,23 7 673,02 7 884,21 8 095,39 8 306,57 8 588,15 8 869,73 9 151,31 9 256,90 9 362,49
JB 1132,3 7 201,00 7 633,06 7 705,07 7 849,09 8 065,12 8 281,15 8 497,18 8 785,22 9 073,26 9 361,30 9 469,32 9 577,33
KA 1158,4 7 366,99 7 809,01 7 882,68 8 030,02 8 251,03 8 472,04 8 693,05 8 987,73 9 282,41 9 577,09 9 687,59 9 798,10
KB 1185,0 7 536,16 7 988,32 8 063,69 8 214,41 8 440,49 8 666,58 8 892,66 9 194,11 9 495,56 9 797,00 9 910,04 10 023,09
* Les agents relevant des échelons 1, 2 et 3 sont rémunérés l'échelon 4

=== Page 3 ===

date: SNB: 508,77 Maj. Res: 1,245
Echelon ECH 1 * ECH 2 * ECH 3 * ECH 4 ECH 5 ECH 6 ECH 7 ECH 8 ECH 9 ECH 10 ECH 11 ECH 12
NR Coeff 1,00 1,06 1,07 1,09 1,12 1,15 1,18 1,22 1,26 1,30 1,315 1,33
30 226,0 1 431,53 1 517,42 1 531,73 1 560,36 1 603,31 1 646,26 1 689,20 1 746,46 1 803,72 1 860,98 1 882,46 1 903,93
35 230,4 1 459,40 1 546,96 1 561,55 1 590,74 1 634,52 1 678,31 1 722,09 1 780,46 1 838,84 1 897,22 1 919,11 1 941,00
40 234,9 1 487,90 1 577,17 1 592,05 1 621,81 1 666,45 1 711,09 1 755,72 1 815,24 1 874,75 1 934,27 1 956,59 1 978,91
45 239,6 1 517,67 1 608,73 1 623,91 1 654,26 1 699,79 1 745,32 1 790,85 1 851,56 1 912,27 1 972,97 1 995,74 2 018,50
50 244,3 1 547,44 1 640,29 1 655,76 1 686,71 1 733,13 1 779,56 1 825,98 1 887,88 1 949,78 2 011,67 2 034,89 2 058,10
55 249,0 1 577,21 1 671,85 1 687,62 1 719,16 1 766,48 1 813,79 1 861,11 1 924,20 1 987,29 2 050,38 2 074,03 2 097,69
60 253,8 1 607,62 1 704,07 1 720,15 1 752,30 1 800,53 1 848,76 1 896,99 1 961,29 2 025,60 2 089,90 2 114,02 2 138,13
65 259,0 1 640,55 1 738,99 1 755,39 1 788,20 1 837,42 1 886,64 1 935,85 2 001,48 2 067,10 2 132,72 2 157,33 2 181,94
70 264,4 1 674,76 1 775,24 1 791,99 1 825,49 1 875,73 1 925,97 1 976,22 2 043,21 2 110,20 2 177,19 2 202,31 2 227,43
75 269,4 1 706,43 1 808,82 1 825,88 1 860,01 1 911,20 1 962,39 2 013,59 2 081,84 2 150,10 2 218,36 2 243,96 2 269,55
80 274,2 1 736,83 1 841,04 1 858,41 1 893,15 1 945,25 1 997,36 2 049,46 2 118,94 2 188,41 2 257,88 2 283,94 2 309,99
85 280,5 1 776,74 1 883,34 1 901,11 1 936,65 1 989,95 2 043,25 2 096,55 2 167,62 2 238,69 2 309,76 2 336,41 2 363,06
90 286,9 1 817,28 1 926,31 1 944,49 1 980,83 2 035,35 2 089,87 2 144,39 2 217,08 2 289,77 2 362,46 2 389,72 2 416,98
95 293,2 1 857,18 1 968,61 1 987,19 2 024,33 2 080,05 2 135,76 2 191,48 2 265,76 2 340,05 2 414,34 2 442,20 2 470,05
100 299,8 1 898,99 2 012,93 2 031,92 2 069,90 2 126,87 2 183,84 2 240,81 2 316,77 2 392,73 2 468,69 2 497,17 2 525,66
105 306,7 1 942,69 2 059,26 2 078,68 2 117,54 2 175,82 2 234,10 2 292,38 2 370,09 2 447,80 2 525,50 2 554,64 2 583,78
110 313,9 1 988,30 2 107,60 2 127,48 2 167,25 2 226,90 2 286,55 2 346,20 2 425,73 2 505,26 2 584,79 2 614,62 2 644,44
115 321,7 2 037,71 2 159,97 2 180,35 2 221,10 2 282,23 2 343,36 2 404,50 2 486,00 2 567,51 2 649,02 2 679,59 2 710,15
120 330,6 2 094,08 2 219,73 2 240,67 2 282,55 2 345,37 2 408,19 2 471,02 2 554,78 2 638,54 2 722,31 2 753,72 2 785,13
125 338,9 2 146,66 2 275,46 2 296,92 2 339,85 2 404,25 2 468,65 2 533,05 2 618,92 2 704,79 2 790,65 2 822,85 2 855,05
130 347,1 2 198,60 2 330,51 2 352,50 2 396,47 2 462,43 2 528,39 2 594,34 2 682,29 2 770,23 2 858,17 2 891,15 2 924,13
135 355,7 2 253,07 2 388,25 2 410,79 2 455,85 2 523,44 2 591,03 2 658,62 2 748,75 2 838,87 2 928,99 2 962,79 2 996,58
140 364,5 2 308,81 2 447,34 2 470,43 2 516,60 2 585,87 2 655,13 2 724,40 2 816,75 2 909,10 3 001,45 3 036,09 3 070,72
145 373,6 2 366,45 2 508,44 2 532,10 2 579,43 2 650,43 2 721,42 2 792,41 2 887,07 2 981,73 3 076,39 3 111,88 3 147,38
150 382,8 2 424,73 2 570,21 2 594,46 2 642,95 2 715,69 2 788,44 2 861,18 2 958,17 3 055,16 3 152,14 3 188,52 3 224,89
155 392,1 2 483,63 2 632,65 2 657,49 2 707,16 2 781,67 2 856,18 2 930,69 3 030,03 3 129,38 3 228,72 3 265,98 3 303,23
160 403,0 2 552,68 2 705,84 2 731,36 2 782,42 2 859,00 2 935,58 3 012,16 3 114,27 3 216,37 3 318,48 3 356,77 3 395,06
165 412,7 2 614,12 2 770,97 2 797,11 2 849,39 2 927,81 3 006,24 3 084,66 3 189,22 3 293,79 3 398,35 3 437,57 3 476,78
170 422,8 2 678,09 2 838,78 2 865,56 2 919,12 2 999,47 3 079,81 3 160,15 3 267,27 3 374,40 3 481,52 3 521,69 3 561,87
175 433,3 2 744,60 2 909,28 2 936,73 2 991,62 3 073,96 3 156,29 3 238,63 3 348,42 3 458,20 3 567,98 3 609,15 3 650,32
180 444,0 2 812,38 2 981,12 3 009,25 3 065,49 3 149,86 3 234,24 3 318,61 3 431,10 3 543,60 3 656,09 3 698,28 3 740,46
185 454,9 2 881,42 3 054,31 3 083,12 3 140,75 3 227,19 3 313,63 3 400,08 3 515,33 3 630,59 3 745,85 3 789,07 3 832,29
190 466,1 2 952,36 3 129,51 3 159,03 3 218,08 3 306,65 3 395,22 3 483,79 3 601,88 3 719,98 3 838,07 3 882,36 3 926,64
195 477,6 3 025,21 3 206,72 3 236,97 3 297,48 3 388,23 3 478,99 3 569,74 3 690,75 3 811,76 3 932,77 3 978,15 4 023,53
200 489,3 3 099,32 3 285,28 3 316,27 3 378,26 3 471,24 3 564,22 3 657,19 3 781,17 3 905,14 4 029,11 4 075,60 4 122,09
205 501,5 3 176,59 3 367,19 3 398,96 3 462,49 3 557,79 3 653,08 3 748,38 3 875,45 4 002,51 4 129,57 4 177,22 4 224,87
210 513,9 3 255,14 3 450,45 3 483,00 3 548,10 3 645,76 3 743,41 3 841,06 3 971,27 4 101,47 4 231,68 4 280,51 4 329,33
215 526,5 3 334,95 3 535,05 3 568,40 3 635,09 3 735,14 3 835,19 3 935,24 4 068,64 4 202,04 4 335,43 4 385,46 4 435,48
220 539,4 3 416,66 3 621,66 3 655,83 3 724,16 3 826,66 3 929,16 4 031,66 4 168,33 4 304,99 4 441,66 4 492,91 4 544,161er janvier 2022


=== Page 4 ===

Echelon ECH 1 * ECH 2 * ECH 3 * ECH 4 ECH 5 ECH 6 ECH 7 ECH 8 ECH 9 ECH 10 ECH 11 ECH 12
225 552,9 3 502,17 3 712,30 3 747,32 3 817,37 3 922,43 4 027,50 4 132,56 4 272,65 4 412,74 4 552,82 4 605,36 4 657,89
230 566,5 3 588,32 3 803,62 3 839,50 3 911,27 4 018,91 4 126,56 4 234,21 4 377,75 4 521,28 4 664,81 4 718,64 4 772,46
235 580,6 3 677,63 3 898,29 3 935,06 4 008,62 4 118,94 4 229,27 4 339,60 4 486,71 4 633,81 4 780,92 4 836,08 4 891,25
240 598,5 3 791,01 4 018,47 4 056,38 4 132,20 4 245,93 4 359,66 4 473,39 4 625,03 4 776,67 4 928,31 4 985,18 5 042,04
245 613,2 3 884,12 4 117,17 4 156,01 4 233,69 4 350,22 4 466,74 4 583,27 4 738,63 4 894,00 5 049,36 5 107,62 5 165,88
250 628,3 3 979,77 4 218,56 4 258,35 4 337,95 4 457,34 4 576,73 4 696,13 4 855,32 5 014,51 5 173,70 5 233,40 5 293,09
255 643,9 4 078,58 4 323,30 4 364,08 4 445,66 4 568,01 4 690,37 4 812,73 4 975,87 5 139,01 5 302,16 5 363,34 5 424,51
260 659,8 4 179,30 4 430,05 4 471,85 4 555,43 4 680,81 4 806,19 4 931,57 5 098,74 5 265,91 5 433,09 5 495,77 5 558,46
265 676,2 4 283,18 4 540,17 4 583,00 4 668,66 4 797,16 4 925,65 5 054,15 5 225,48 5 396,80 5 568,13 5 632,38 5 696,63
270 692,9 4 388,96 4 652,30 4 696,18 4 783,96 4 915,63 5 047,30 5 178,97 5 354,53 5 530,09 5 705,65 5 771,48 5 837,31
275 709,9 4 496,64 4 766,44 4 811,40 4 901,34 5 036,24 5 171,13 5 306,03 5 485,90 5 665,77 5 845,63 5 913,08 5 980,53
280 727,5 4 608,12 4 884,61 4 930,69 5 022,85 5 161,10 5 299,34 5 437,58 5 621,91 5 806,23 5 990,56 6 059,68 6 128,80
285 744,0 4 712,63 4 995,39 5 042,52 5 136,77 5 278,15 5 419,53 5 560,91 5 749,41 5 937,92 6 126,43 6 197,11 6 267,80
290 760,7 4 818,42 5 107,52 5 155,70 5 252,07 5 396,63 5 541,18 5 685,73 5 878,47 6 071,20 6 263,94 6 336,22 6 408,49
295 777,6 4 925,46 5 220,99 5 270,25 5 368,76 5 516,52 5 664,28 5 812,05 6 009,07 6 206,08 6 403,10 6 476,98 6 550,87
300 794,9 5 035,04 5 337,15 5 387,50 5 488,20 5 639,25 5 790,30 5 941,35 6 142,75 6 344,16 6 545,56 6 621,08 6 696,61
305 812,6 5 147,16 5 455,99 5 507,46 5 610,40 5 764,82 5 919,23 6 073,65 6 279,54 6 485,42 6 691,31 6 768,52 6 845,72
310 830,7 5 261,81 5 577,52 5 630,14 5 735,37 5 893,23 6 051,08 6 208,93 6 419,41 6 629,88 6 840,35 6 919,28 6 998,21
315 849,3 5 379,62 5 702,40 5 756,20 5 863,79 6 025,18 6 186,57 6 347,96 6 563,14 6 778,33 6 993,51 7 074,21 7 154,90
320 868,5 5 501,24 5 831,32 5 886,33 5 996,35 6 161,39 6 326,43 6 491,46 6 711,51 6 931,56 7 151,61 7 234,13 7 316,65
325 887,4 5 620,96 5 958,21 6 014,42 6 126,84 6 295,47 6 464,10 6 632,73 6 857,57 7 082,41 7 307,24 7 391,56 7 475,87
330 906,7 5 743,21 6 087,80 6 145,23 6 260,10 6 432,39 6 604,69 6 776,98 7 006,71 7 236,44 7 466,17 7 552,32 7 638,47
340 929,0 5 884,46 6 237,53 6 296,37 6 414,06 6 590,59 6 767,13 6 943,66 7 179,04 7 414,42 7 649,80 7 738,06 7 826,33
350 949,6 6 014,94 6 375,84 6 435,99 6 556,29 6 736,74 6 917,19 7 097,63 7 338,23 7 578,83 7 819,43 7 909,65 7 999,87
355 971,4 6 153,03 6 522,21 6 583,74 6 706,80 6 891,39 7 075,98 7 260,57 7 506,70 7 752,82 7 998,94 8 091,23 8 183,53
360 993,8 6 294,91 6 672,61 6 735,56 6 861,46 7 050,30 7 239,15 7 428,00 7 679,80 7 931,59 8 183,39 8 277,81 8 372,24
365 1016,7 6 439,97 6 826,37 6 890,77 7 019,56 7 212,76 7 405,96 7 599,16 7 856,76 8 114,36 8 371,96 8 468,56 8 565,16
370 1040,0 6 587,55 6 982,81 7 048,68 7 180,43 7 378,06 7 575,69 7 773,31 8 036,82 8 300,32 8 563,82 8 662,63 8 761,45
CA 842,9 5 339,09 5 659,43 5 712,82 5 819,60 5 979,78 6 139,95 6 300,12 6 513,68 6 727,25 6 940,81 7 020,90 7 100,98
CB 862,1 5 460,70 5 788,34 5 842,95 5 952,17 6 115,99 6 279,81 6 443,63 6 662,06 6 880,48 7 098,91 7 180,82 7 262,73
DA 881,8 5 585,49 5 920,61 5 976,47 6 088,18 6 255,74 6 423,31 6 590,87 6 814,29 7 037,71 7 261,13 7 344,91 7 428,70
DB 901,4 5 709,64 6 052,21 6 109,31 6 223,50 6 394,79 6 566,08 6 737,37 6 965,76 7 194,14 7 422,53 7 508,17 7 593,82
EA 921,6 5 837,59 6 187,84 6 246,22 6 362,97 6 538,10 6 713,22 6 888,35 7 121,86 7 355,36 7 588,86 7 676,43 7 763,99
FA 951,5 6 026,98 6 388,60 6 448,87 6 569,41 6 750,22 6 931,03 7 111,83 7 352,91 7 593,99 7 835,07 7 925,48 8 015,88
GA 980,5 6 210,67 6 583,31 6 645,42 6 769,63 6 955,95 7 142,27 7 328,59 7 577,02 7 825,44 8 073,87 8 167,03 8 260,19
HA 1010,6 6 401,33 6 785,41 6 849,42 6 977,45 7 169,49 7 361,53 7 553,57 7 809,62 8 065,67 8 321,73 8 417,75 8 513,77
HB 1033,8 6 548,28 6 941,18 7 006,66 7 137,63 7 334,08 7 530,52 7 726,97 7 988,90 8 250,84 8 512,77 8 610,99 8 709,22
IA 1057,6 6 699,04 7 100,98 7 167,97 7 301,95 7 502,92 7 703,89 7 904,86 8 172,82 8 440,78 8 708,75 8 809,23 8 909,72
IB 1081,9 6 852,96 7 264,13 7 332,66 7 469,72 7 675,31 7 880,90 8 086,49 8 360,61 8 634,73 8 908,84 9 011,64 9 114,43
JA 1106,9 7 011,31 7 431,99 7 502,10 7 642,33 7 852,67 8 063,01 8 273,35 8 553,80 8 834,25 9 114,70 9 219,87 9 325,04
JB 1132,3 7 172,20 7 602,53 7 674,25 7 817,70 8 032,86 8 248,03 8 463,20 8 750,08 9 036,97 9 323,86 9 431,44 9 539,03
KA 1158,4 7 337,52 7 777,77 7 851,15 7 997,90 8 218,02 8 438,15 8 658,28 8 951,78 9 245,28 9 538,78 9 648,84 9 758,90
KB 1185,0 7 506,01 7 956,37 8 031,43 8 181,55 8 406,73 8 631,91 8 857,09 9 157,33 9 457,57 9 757,81 9 870,40 9 982,99
* Les agents relevant des échelons 1, 2 et 3 sont rémunérés l'échelon 4

=== Page 5 ===

date: SNB: 508,77 Maj. Res: 1,24
Echelon ECH 1 * ECH 2 * ECH 3 * ECH 4 ECH 5 ECH 6 ECH 7 ECH 8 ECH 9 ECH 10 ECH 11 ECH 12
NR Coeff 1,00 1,06 1,07 1,09 1,12 1,15 1,18 1,22 1,26 1,30 1,315 1,33
30 226,0 1 425,78 1 511,32 1 525,58 1 554,10 1 596,87 1 639,64 1 682,42 1 739,45 1 796,48 1 853,51 1 874,90 1 896,28
35 230,4 1 453,54 1 540,75 1 555,28 1 584,35 1 627,96 1 671,57 1 715,17 1 773,31 1 831,45 1 889,60 1 911,40 1 933,20
40 234,9 1 481,92 1 570,84 1 585,66 1 615,30 1 659,76 1 704,21 1 748,67 1 807,95 1 867,23 1 926,50 1 948,73 1 970,96
45 239,6 1 511,58 1 602,27 1 617,39 1 647,62 1 692,97 1 738,31 1 783,66 1 844,12 1 904,59 1 965,05 1 987,72 2 010,40
50 244,3 1 541,23 1 633,70 1 649,11 1 679,94 1 726,17 1 772,41 1 818,65 1 880,30 1 941,95 2 003,60 2 026,71 2 049,83
55 249,0 1 570,88 1 665,13 1 680,84 1 712,26 1 759,38 1 806,51 1 853,64 1 916,47 1 979,31 2 042,14 2 065,70 2 089,27
60 253,8 1 601,16 1 697,23 1 713,24 1 745,26 1 793,30 1 841,33 1 889,37 1 953,42 2 017,46 2 081,51 2 105,53 2 129,54
65 259,0 1 633,97 1 732,00 1 748,34 1 781,02 1 830,04 1 879,06 1 928,08 1 993,44 2 058,80 2 124,16 2 148,66 2 173,17
70 264,4 1 668,03 1 768,11 1 784,80 1 818,16 1 868,20 1 918,24 1 968,28 2 035,00 2 101,72 2 168,44 2 193,46 2 218,48
75 269,4 1 699,58 1 801,55 1 818,55 1 852,54 1 903,53 1 954,51 2 005,50 2 073,48 2 141,47 2 209,45 2 234,94 2 260,44
80 274,2 1 729,86 1 833,65 1 850,95 1 885,55 1 937,44 1 989,34 2 041,23 2 110,43 2 179,62 2 248,82 2 274,76 2 300,71
85 280,5 1 769,60 1 875,78 1 893,48 1 928,87 1 981,96 2 035,04 2 088,13 2 158,92 2 229,70 2 300,48 2 327,03 2 353,57
90 286,9 1 809,98 1 918,58 1 936,68 1 972,88 2 027,18 2 081,48 2 135,78 2 208,18 2 280,57 2 352,97 2 380,12 2 407,27
95 293,2 1 849,72 1 960,71 1 979,21 2 016,20 2 071,69 2 127,18 2 182,68 2 256,66 2 330,65 2 404,64 2 432,39 2 460,13
100 299,8 1 891,36 2 004,84 2 023,76 2 061,59 2 118,33 2 175,07 2 231,81 2 307,46 2 383,12 2 458,77 2 487,14 2 515,51
105 306,7 1 934,89 2 050,99 2 070,34 2 109,03 2 167,08 2 225,13 2 283,17 2 360,57 2 437,97 2 515,36 2 544,38 2 573,41
110 313,9 1 980,32 2 099,13 2 118,94 2 158,54 2 217,95 2 277,36 2 336,77 2 415,99 2 495,20 2 574,41 2 604,12 2 633,82
115 321,7 2 029,52 2 151,30 2 171,59 2 212,18 2 273,07 2 333,95 2 394,84 2 476,02 2 557,20 2 638,38 2 668,82 2 699,27
120 330,6 2 085,67 2 210,81 2 231,67 2 273,38 2 335,95 2 398,52 2 461,09 2 544,52 2 627,95 2 711,37 2 742,66 2 773,94
125 338,9 2 138,03 2 266,32 2 287,70 2 330,46 2 394,60 2 458,74 2 522,88 2 608,40 2 693,92 2 779,45 2 811,52 2 843,59
130 347,1 2 189,77 2 321,15 2 343,05 2 386,85 2 452,54 2 518,23 2 583,92 2 671,52 2 759,11 2 846,70 2 879,54 2 912,39
135 355,7 2 244,02 2 378,66 2 401,10 2 445,98 2 513,30 2 580,62 2 647,95 2 737,71 2 827,47 2 917,23 2 950,89 2 984,55
140 364,5 2 299,54 2 437,51 2 460,51 2 506,50 2 575,48 2 644,47 2 713,46 2 805,44 2 897,42 2 989,40 3 023,89 3 058,39
145 373,6 2 356,95 2 498,37 2 521,93 2 569,07 2 639,78 2 710,49 2 781,20 2 875,48 2 969,75 3 064,03 3 099,39 3 134,74
150 382,8 2 414,99 2 559,89 2 584,04 2 632,34 2 704,79 2 777,24 2 849,69 2 946,29 3 042,89 3 139,49 3 175,71 3 211,94
155 392,1 2 473,66 2 622,08 2 646,82 2 696,29 2 770,50 2 844,71 2 918,92 3 017,87 3 116,81 3 215,76 3 252,86 3 289,97
160 403,0 2 542,43 2 694,97 2 720,40 2 771,24 2 847,52 2 923,79 3 000,06 3 101,76 3 203,46 3 305,15 3 343,29 3 381,43
165 412,7 2 603,62 2 759,84 2 785,87 2 837,95 2 916,05 2 994,16 3 072,27 3 176,42 3 280,56 3 384,71 3 423,76 3 462,81
170 422,8 2 667,34 2 827,38 2 854,05 2 907,40 2 987,42 3 067,44 3 147,46 3 254,15 3 360,85 3 467,54 3 507,55 3 547,56
175 433,3 2 733,58 2 897,60 2 924,93 2 979,60 3 061,61 3 143,62 3 225,62 3 334,97 3 444,31 3 553,65 3 594,66 3 635,66
180 444,0 2 801,08 2 969,15 2 997,16 3 053,18 3 137,21 3 221,25 3 305,28 3 417,32 3 529,37 3 641,41 3 683,43 3 725,44
185 454,9 2 869,85 3 042,04 3 070,74 3 128,14 3 214,23 3 300,33 3 386,42 3 501,22 3 616,01 3 730,80 3 773,85 3 816,90
190 466,1 2 940,51 3 116,94 3 146,34 3 205,15 3 293,37 3 381,58 3 469,80 3 587,42 3 705,04 3 822,66 3 866,77 3 910,87
195 477,6 3 013,06 3 193,84 3 223,97 3 284,23 3 374,63 3 465,02 3 555,41 3 675,93 3 796,45 3 916,98 3 962,17 4 007,37
200 489,3 3 086,87 3 272,08 3 302,95 3 364,69 3 457,29 3 549,90 3 642,51 3 765,98 3 889,46 4 012,93 4 059,23 4 105,54
205 501,5 3 163,84 3 353,67 3 385,31 3 448,58 3 543,50 3 638,41 3 733,33 3 859,88 3 986,43 4 112,99 4 160,45 4 207,90
210 513,9 3 242,07 3 436,59 3 469,01 3 533,85 3 631,11 3 728,38 3 825,64 3 955,32 4 085,00 4 214,69 4 263,32 4 311,95
215 526,5 3 321,56 3 520,85 3 554,06 3 620,50 3 720,14 3 819,79 3 919,44 4 052,30 4 185,16 4 318,02 4 367,85 4 417,671er janvier 2022


=== Page 6 ===

Echelon ECH 1 * ECH 2 * ECH 3 * ECH 4 ECH 5 ECH 6 ECH 7 ECH 8 ECH 9 ECH 10 ECH 11 ECH 12
220 539,4 3 402,94 3 607,11 3 641,14 3 709,20 3 811,29 3 913,38 4 015,47 4 151,59 4 287,70 4 423,82 4 474,86 4 525,91
225 552,9 3 488,11 3 697,39 3 732,27 3 802,04 3 906,68 4 011,32 4 115,97 4 255,49 4 395,01 4 534,54 4 586,86 4 639,18
230 566,5 3 573,91 3 788,34 3 824,08 3 895,56 4 002,77 4 109,99 4 217,21 4 360,17 4 503,12 4 646,08 4 699,69 4 753,29
235 580,6 3 662,86 3 882,63 3 919,26 3 992,52 4 102,40 4 212,29 4 322,17 4 468,69 4 615,20 4 761,72 4 816,66 4 871,60
240 598,5 3 775,79 4 002,33 4 040,09 4 115,61 4 228,88 4 342,15 4 455,43 4 606,46 4 757,49 4 908,52 4 965,16 5 021,79
245 613,2 3 868,52 4 100,64 4 139,32 4 216,69 4 332,75 4 448,80 4 564,86 4 719,60 4 874,34 5 029,08 5 087,11 5 145,14
250 628,3 3 963,79 4 201,61 4 241,25 4 320,53 4 439,44 4 558,35 4 677,27 4 835,82 4 994,37 5 152,92 5 212,38 5 271,84
255 643,9 4 062,20 4 305,94 4 346,56 4 427,80 4 549,67 4 671,53 4 793,40 4 955,89 5 118,38 5 280,86 5 341,80 5 402,73
260 659,8 4 162,51 4 412,26 4 453,89 4 537,14 4 662,01 4 786,89 4 911,76 5 078,26 5 244,77 5 411,27 5 473,70 5 536,14
265 676,2 4 265,98 4 521,93 4 564,59 4 649,91 4 777,89 4 905,87 5 033,85 5 204,49 5 375,13 5 545,77 5 609,76 5 673,75
270 692,9 4 371,33 4 633,61 4 677,32 4 764,75 4 895,89 5 027,03 5 158,17 5 333,02 5 507,88 5 682,73 5 748,30 5 813,87
275 709,9 4 478,58 4 747,30 4 792,08 4 881,65 5 016,01 5 150,37 5 284,72 5 463,87 5 643,01 5 822,15 5 889,33 5 956,51
280 727,5 4 589,61 4 864,99 4 910,89 5 002,68 5 140,37 5 278,06 5 415,74 5 599,33 5 782,91 5 966,50 6 035,34 6 104,19
285 744,0 4 693,71 4 975,33 5 022,27 5 116,14 5 256,95 5 397,76 5 538,58 5 726,32 5 914,07 6 101,82 6 172,23 6 242,63
290 760,7 4 799,06 5 087,01 5 135,00 5 230,98 5 374,95 5 518,92 5 662,90 5 854,86 6 046,82 6 238,78 6 310,77 6 382,76
295 777,6 4 905,68 5 200,02 5 249,08 5 347,19 5 494,36 5 641,53 5 788,71 5 984,93 6 181,16 6 377,39 6 450,97 6 524,56
300 794,9 5 014,82 5 315,71 5 365,86 5 466,16 5 616,60 5 767,05 5 917,49 6 118,09 6 318,68 6 519,27 6 594,49 6 669,72
305 812,6 5 126,49 5 434,08 5 485,34 5 587,87 5 741,67 5 895,46 6 049,26 6 254,32 6 459,38 6 664,44 6 741,33 6 818,23
310 830,7 5 240,68 5 555,12 5 607,52 5 712,34 5 869,56 6 026,78 6 184,00 6 393,63 6 603,25 6 812,88 6 891,49 6 970,10
315 849,3 5 358,02 5 679,50 5 733,08 5 840,24 6 000,98 6 161,72 6 322,46 6 536,78 6 751,10 6 965,43 7 045,80 7 126,17
320 868,5 5 479,15 5 807,90 5 862,69 5 972,27 6 136,65 6 301,02 6 465,39 6 684,56 6 903,73 7 122,89 7 205,08 7 287,27
325 887,4 5 598,38 5 934,29 5 990,27 6 102,24 6 270,19 6 438,14 6 606,09 6 830,03 7 053,96 7 277,90 7 361,87 7 445,85
330 906,7 5 720,14 6 063,35 6 120,55 6 234,95 6 406,56 6 578,16 6 749,77 6 978,57 7 207,38 7 436,18 7 521,99 7 607,79
340 929,0 5 860,83 6 212,48 6 271,08 6 388,30 6 564,13 6 739,95 6 915,78 7 150,21 7 384,64 7 619,07 7 706,99 7 794,90
350 949,6 5 990,79 6 350,23 6 410,14 6 529,96 6 709,68 6 889,41 7 069,13 7 308,76 7 548,39 7 788,02 7 877,89 7 967,75
355 971,4 6 128,32 6 496,02 6 557,30 6 679,87 6 863,72 7 047,57 7 231,42 7 476,55 7 721,68 7 966,81 8 058,74 8 150,66
360 993,8 6 269,63 6 645,81 6 708,51 6 833,90 7 021,99 7 210,08 7 398,17 7 648,95 7 899,74 8 150,52 8 244,57 8 338,61
365 1016,7 6 414,10 6 798,95 6 863,09 6 991,37 7 183,80 7 376,22 7 568,64 7 825,21 8 081,77 8 338,34 8 434,55 8 530,76
370 1040,0 6 561,10 6 954,76 7 020,37 7 151,60 7 348,43 7 545,26 7 742,10 8 004,54 8 266,98 8 529,43 8 627,84 8 726,26
CA 842,9 5 317,64 5 636,70 5 689,88 5 796,23 5 955,76 6 115,29 6 274,82 6 487,53 6 700,23 6 912,94 6 992,70 7 072,47
CB 862,1 5 438,77 5 765,10 5 819,49 5 928,26 6 091,42 6 254,59 6 417,75 6 635,30 6 852,85 7 070,40 7 151,98 7 233,57
DA 881,8 5 563,05 5 896,84 5 952,47 6 063,73 6 230,62 6 397,51 6 564,40 6 786,93 7 009,45 7 231,97 7 315,42 7 398,86
DB 901,4 5 686,71 6 027,91 6 084,77 6 198,51 6 369,11 6 539,71 6 710,31 6 937,78 7 165,25 7 392,72 7 478,02 7 563,32
EA 921,6 5 814,14 6 162,99 6 221,13 6 337,41 6 511,84 6 686,26 6 860,69 7 093,25 7 325,82 7 558,38 7 645,60 7 732,81
FA 951,5 6 002,77 6 362,94 6 422,97 6 543,02 6 723,11 6 903,19 7 083,27 7 323,38 7 563,49 7 803,61 7 893,65 7 983,69
GA 980,5 6 185,73 6 556,87 6 618,73 6 742,44 6 928,01 7 113,59 7 299,16 7 546,59 7 794,02 8 041,45 8 134,23 8 227,02
HA 1010,6 6 375,62 6 758,16 6 821,91 6 949,43 7 140,70 7 331,96 7 523,23 7 778,26 8 033,28 8 288,31 8 383,94 8 479,58
HB 1033,8 6 521,98 6 913,30 6 978,52 7 108,96 7 304,62 7 500,28 7 695,94 7 956,82 8 217,70 8 478,58 8 576,41 8 674,24
IA 1057,6 6 672,13 7 072,46 7 139,18 7 272,62 7 472,79 7 672,95 7 873,12 8 140,00 8 406,89 8 673,77 8 773,85 8 873,94
IB 1081,9 6 825,43 7 234,96 7 303,21 7 439,72 7 644,49 7 849,25 8 054,01 8 327,03 8 600,05 8 873,06 8 975,45 9 077,83
JA 1106,9 6 983,15 7 402,14 7 471,97 7 611,64 7 821,13 8 030,63 8 240,12 8 519,45 8 798,77 9 078,10 9 182,85 9 287,59
JB 1132,3 7 143,40 7 572,00 7 643,43 7 786,30 8 000,60 8 214,90 8 429,21 8 714,94 9 000,68 9 286,41 9 393,56 9 500,72
KA 1158,4 7 308,05 7 746,54 7 819,62 7 965,78 8 185,02 8 404,26 8 623,50 8 915,83 9 208,15 9 500,47 9 610,09 9 719,71
KB 1185,0 7 475,87 7 924,42 7 999,18 8 148,69 8 372,97 8 597,25 8 821,52 9 120,56 9 419,59 9 718,63 9 830,76 9 942,90
* Les agents relevant des échelons 1, 2 et 3 sont rémunérés l'échelon 4